    0.966469884    0.023814883
    0.954105616    0.023931224
    0.945950806    0.024048131
    0.933849037    0.024165604
    0.925867319    0.024283659
    0.917953849    0.024402289
    0.906210244    0.024521491
    0.898464799    0.024641283
    0.890785515    0.024761660
    0.879389524    0.024882618
    0.871873260    0.025004175
    0.864421308    0.025126318
    0.853362560    0.025249064
    0.846068799    0.025372410
    0.835244834    0.025496352
    0.828105927    0.025620906
    0.821028054    0.025746062
    0.810524404    0.025871836
    0.803596735    0.025998225
    0.796728313    0.026125224
    0.789918602    0.026252851
    0.779812992    0.026381100
    0.773147881    0.026509969
    0.766539693    0.026639475
    0.759988010    0.026769614
    0.753492296    0.026900388
    0.743852735    0.027031794
    0.737494946    0.027163850
    0.731191456    0.027296551
    0.721837163    0.027429890
    0.715667546    0.027563890
    0.709550738    0.027698545
    0.703486085    0.027833859
    0.694486260    0.027969824
    0.688550413    0.028106460
    0.682665288    0.028243767
    0.673931777    0.028381735
    0.668171585    0.028520385
    0.662460685    0.028659711
    0.656798542    0.028799711
    0.648396015    0.028940404
    0.642854095    0.029081782
    0.637359560    0.029223844
    0.631911993    0.029366609
    0.623827815    0.029510070
    0.618495822    0.029654231
    0.613209486    0.029799089
    0.607968330    0.029944664
    0.600190461    0.030090949
    0.595060587    0.030237939
    0.589974523    0.030385658
    0.582426846    0.030534096
    0.577448785    0.030683262
    0.572513282    0.030833146
    0.565189004    0.030983772
    0.560358286    0.031135133
    0.555568814    0.031287227
    0.548461318    0.031440068
    0.543773532    0.031593658
    0.539125860    0.031747993
    0.532228708    0.031903088
    0.527679682    0.032058928
    0.523169577    0.032215543
    0.518698037    0.032372922
    0.512062192    0.032531060
    0.507685542    0.032689981
    0.503346264    0.032849669
    0.499044120    0.033010144
    0.492659748    0.033171404
    0.488448948    0.033333443
    0.484274119    0.033496283
    0.480134964    0.033659913
    0.473992497    0.033824347
    0.469941258    0.033989582
    0.465924621    0.034155618
    0.461942315    0.034322474
    0.457994044    0.034490138
    0.452134818    0.034658629
    0.448270380    0.034827944
    0.444438964    0.034998074
    0.440640271    0.035169046
    0.435003072    0.035340853
    0.431285053    0.035513490
    0.427598804    0.035686977
    0.423944086    0.035861317
    0.418520480    0.036036506
    0.414943337    0.036212541
    0.411396772    0.036389444
    0.407880515    0.036567215
    0.402662396    0.036745843
    0.399220794    0.036925353
    0.395808607    0.037105739
    0.392425597    0.037287008
    0.387405246    0.037469149
    0.384094059    0.037652194
    0.380811155    0.037836131
    0.377556324    0.038020957
    0.372726142    0.038206697
    0.369540423    0.038393345
    0.366381913    0.038580891
    0.361694723    0.038769364
    0.358603269    0.038958762
    0.355538249    0.039149072
    0.350989789    0.039340321
    0.347989827    0.039532505
    0.345015526    0.039725628
    0.340601653    0.039919686
    0.337690502    0.040114701
    0.334804237    0.040310670
    0.331942618    0.040507581
    0.327696025    0.040705469
    0.324895173    0.040904310
    0.322118253    0.041104134
    0.317997336    0.041304938
    0.315279365    0.041506708
    0.312584639    0.041709475
    0.308585674    0.041913223
    0.305948168    0.042117976
    0.303333193    0.042323731
    0.300740570    0.042530477
    0.296893150    0.042738248
    0.294355571    0.042947032
    0.291839689    0.043156836
    0.289345294    0.043367650
    0.286872238    0.043579511
    0.283202201    0.043792404
    0.280781657    0.044006325
    0.278381795    0.044221304
    0.276002377    0.044437334
    0.272471428    0.044654407
    0.270142585    0.044872552
    0.267833650    0.045091763
    0.265544444    0.045312032
    0.262147278    0.045533389
    0.259906679    0.045755826
    0.257685244    0.045979351
    0.255482763    0.046203956
    0.252214372    0.046429671
    0.250058651    0.046656489
    0.247921392    0.046884403
    0.970626831    0.046884403
    0.245802373    0.047113441
    0.962330759    0.047113441
    0.242657736    0.047343586
    0.954105616    0.047343586
    0.240583718    0.047574867
    0.945950806    0.047574867
    0.238527432    0.047807280
    0.933849037    0.047807280
    0.235475898    0.048040811
    0.925867319    0.048040811
    0.233463258    0.048275501
    0.914022505    0.048275501
    0.231467828    0.048511323
    0.906210244    0.048511323
    0.229489446    0.048748307
    0.894616902    0.048748307
    0.226553530    0.048986454
    0.886970520    0.048986454
    0.224617153    0.049225748
    0.879389524    0.049225748
    0.222697333    0.049466223
    0.871873260    0.049466223
    0.219848320    0.049707875
    0.864421308    0.049707875
    0.217969254    0.049950708
    0.853362560    0.049950708
    0.216106251    0.050194710
    0.846068799    0.050194710
    0.214259163    0.050439920
    0.835244834    0.050439920
    0.211518109    0.050686330
    0.828105927    0.050686330
    0.209710240    0.050933927
    0.821028054    0.050933927
    0.207917824    0.051182751
    0.810524404    0.051182751
    0.205257878    0.051432785
    0.803596735    0.051432785
    0.203503519    0.051684029
    0.796728313    0.051684029
    0.201764166    0.051936515
    0.789918602    0.051936515
    0.199182943    0.052190237
    0.783167064    0.052190237
    0.197480515    0.052445181
    0.776473284    0.052445181
    0.195792630    0.052701384
    0.766539693    0.052701384
    0.194119170    0.052958839
    0.756733179    0.052958839
    0.191635758    0.053217553
    0.750265300    0.053217553
    0.189997822    0.053477515
    0.743852735    0.053477515
    0.188373893    0.053738765
    0.734336436    0.053738765
    0.186763838    0.054001287
    0.728060007    0.054001287
    0.184374541    0.054265078
    0.721837163    0.054265078
    0.182798669    0.054530174
    0.715667546    0.054530174
    0.181236267    0.054796547
    0.709550738    0.054796547
    0.179687217    0.055064239
    0.703486085    0.055064239
    0.177388445    0.055333238
    0.694486260    0.055333238
    0.175872296    0.055603534
    0.688550413    0.055603534
    0.174369097    0.055875167
    0.679741621    0.055875167
    0.172878742    0.056148112
    0.673931777    0.056148112
    0.171401128    0.056422409
    0.665310025    0.056422409
    0.169936150    0.056698039
    0.659623563    0.056698039
    0.167762116    0.056975007
    0.653985679    0.056975007
    0.166328236    0.057253338
    0.648396015    0.057253338
    0.164906606    0.057533033
    0.642854095    0.057533033
    0.162796929    0.057814091
    0.637359560    0.057814091
    0.161405489    0.058096506
    0.629205704    0.058096506
    0.160025939    0.058380321
    0.623827815    0.058380321
    0.158658177    0.058665518
    0.615846992    0.058665518
    0.157302111    0.058952093
    0.610583305    0.058952093
    0.155289710    0.059240084
    0.605364561    0.059240084
    0.153962433    0.059529483
    0.600190461    0.059529483
    0.152646497    0.059820279
    0.592512131    0.059820279
    0.150693655    0.060112514
    0.587447822    0.060112514
    0.149405673    0.060406171
    0.582426846    0.060406171
    0.148128688    0.060701251
    0.577448785    0.060701251
    0.146862611    0.060997788
    0.572513282    0.060997788
    0.144983768    0.061295774
    0.565189004    0.061295774
    0.143744558    0.061595213
    0.560358286    0.061595213
    0.142515957    0.061896101
    0.553189456    0.061896101
    0.141297862    0.062198475
    0.548461318    0.062198475
    0.139490202    0.062502325
    0.543773532    0.062502325
    0.138297960    0.062807642
    0.536816955    0.062807642
    0.137115926    0.063114472
    0.532228708    0.063114472
    0.135943979    0.063422777
    0.527679682    0.063422777
    0.134204820    0.063732609
    0.523169577    0.063732609
    0.133057758    0.064043954
    0.518698037    0.064043954
    0.131920502    0.064356804
    0.512062192    0.064356804
    0.130232811    0.064671196
    0.507685542    0.064671196
    0.129119694    0.064987108
    0.503346264    0.064987108
    0.128016099    0.065304585
    0.496906877    0.065304585
    0.126378357    0.065623611
    0.492659748    0.065623611
    0.125298187    0.065944172
    0.488448948    0.065944172
    0.124227256    0.066266321
    0.484274119    0.066266321
    0.122637987    0.066590048
    0.480134964    0.066590048
    0.121589787    0.066915348
    0.473992497    0.066915348
    0.120550551    0.067242227
    0.469941258    0.067242227
    0.119008318    0.067570716
    0.465924621    0.067570716
    0.117991142    0.067900814
    0.459963948    0.067900814
    0.116982661    0.068232499
    0.456032574    0.068232499
    0.115982801    0.068565831
    0.450198442    0.068565831
    0.114991479    0.068900786
    0.446350574    0.068900786
    0.113520369    0.069237359
    0.442535549    0.069237359
    0.112550102    0.069575593
    0.438753128    0.069575593
    0.111588120    0.069915488
    0.435003072    0.069915488
    0.110634372    0.070257016
    0.431285053    0.070257016
    0.109688766    0.070600234
    0.425767511    0.070600234
    0.108285494    0.070945129
    0.422128439    0.070945129
    0.107359968    0.071291707
    0.416728079    0.071291707
    0.106442347    0.071639962
    0.413166255    0.071639962
    0.105532579    0.071989939
    0.409634888    0.071989939
    0.104630575    0.072341621
    0.406133652    0.072341621
    0.103292018    0.072695002
    0.400937915    0.072695002
    0.102409154    0.073050134
    0.397511035    0.073050134
    0.101533853    0.073406994
    0.394113481    0.073406994
    0.100234911    0.073765598
    0.390744954    0.073765598
    0.099378191    0.074125938
    0.387405246    0.074125938
    0.098528795    0.074488059
    0.382449090    0.074488059
    0.097686663    0.074851945
    0.379180253    0.074851945
    0.096436933    0.075217590
    0.374329329    0.075217590
    0.095612675    0.075585037
    0.371129870    0.075585037
    0.094795465    0.075954288
    0.367957771    0.075954288
    0.093985237    0.076325320
    0.364812791    0.076325320
    0.092782870    0.076698177
    0.361694723    0.076698177
    0.091989845    0.077072844
    0.357067466    0.077072844
    0.091203593    0.077449359
    0.354015589    0.077449359
    0.090424068    0.077827714
    0.350989789    0.077827714
    0.089267254    0.078207895
    0.346499473    0.078207895
    0.088504277    0.078589953
    0.343537927    0.078589953
    0.087747820    0.078973860
    0.340601653    0.078973860
    0.086997837    0.079359658
    0.336244285    0.079359658
    0.085884854    0.079747342
    0.333370358    0.079747342
    0.085150786    0.080136903
    0.330521017    0.080136903
    0.084422991    0.080528386
    0.327696025    0.080528386
    0.083342955    0.080921784
    0.324895173    0.080921784
    0.082630612    0.081317075
    0.322118253    0.081317075
    0.081924357    0.081714325
    0.317997336    0.081714325
    0.081224144    0.082113512
    0.315279365    0.082113512
    0.080185026    0.082514651
    0.311245918    0.082514651
    0.079499677    0.082917728
    0.308585674    0.082917728
    0.078820184    0.083322801
    0.305948168    0.083322801
    0.077811822    0.083729848
    0.303333193    0.083729848
    0.077146754    0.084138855
    0.299452603    0.084138855
    0.076487370    0.084549889
    0.296893150    0.084549889
    0.075508855    0.084962934
    0.294355571    0.084962934
    0.074863471    0.085377991
    0.291839689    0.085377991
    0.074223608    0.085795052
    0.289345294    0.085795052
    0.073274046    0.086214177
    0.285643637    0.086214177
    0.072647765    0.086635351
    0.283202201    0.086635351
    0.072026841    0.087058559
    0.279579133    0.087058559
    0.071411215    0.087483853
    0.277189553    0.087483853
    0.070800856    0.087911226
    0.274820358    0.087911226
    0.069895089    0.088340670
    0.272471428    0.088340670
    0.069297686    0.088772230
    0.270142585    0.088772230
    0.068705395    0.089205869
    0.266686589    0.089205869
    0.068118162    0.089641660
    0.264407188    0.089641660
    0.067246713    0.090079576
    0.262147278    0.090079576
    0.066671945    0.090519607
    0.258793592    0.090519607
    0.066102095    0.090961806
    0.256581634    0.090961806
    0.065537117    0.091406152
    0.254388601    0.091406152
    0.064976960    0.091852687
    0.252214372    0.091852687
    0.064145699    0.092301399
    0.248987734    0.092301399
    0.063597441    0.092752285
    0.246859610    0.092752285
    0.063053861    0.093205392
    0.244749680    0.093205392
    0.062514938    0.093660720
    0.242657736    0.093660720
    0.061715171    0.094118245
    0.240583718    0.094118245
    0.061187685    0.094578028
    0.237505883    0.094578028
    0.060664706    0.095040061
    0.235475898    0.095040061
    0.060146198    0.095504351
    0.232463405    0.095504351
    0.059632123    0.095970877
    0.230476514    0.095970877
    0.058869235    0.096439712
    0.228506610    0.096439712
    0.058366075    0.096910842
    0.226553530    0.096910842
    0.057867214    0.097384237
    0.223655194    0.097384237
    0.057372618    0.097859979
    0.221743584    0.097859979
    0.056638636    0.098338045
    0.219848320    0.098338045
    0.056154542    0.098818414
    0.217969254    0.098818414
    0.055674583    0.099301159
    0.216106251    0.099301159
    0.055198725    0.099786267
    0.213341549    0.099786267
    0.054492556    0.100273713
    0.211518109    0.100273713
    0.054026805    0.100763567
    0.208812103    0.100763567
    0.053565029    0.101255797
    0.207027361    0.101255797
    0.053107206    0.101750441
    0.205257878    0.101750441
    0.052427795    0.102247506
    0.203503519    0.102247506
    0.051979687    0.102746993
    0.201764166    0.102746993
    0.051535413    0.103248917
    0.199182943    0.103248917
    0.050876107    0.103753306
    0.197480515    0.103753306
    0.050441265    0.104260147
    0.195792630    0.104260147
    0.050010137    0.104769461
    0.193287805    0.104769461
    0.049370348    0.105281264
    0.191635758    0.105281264
    0.048948374    0.105795585
    0.189997822    0.105795585
    0.048530009    0.106312394
    0.187567145    0.106312394
    0.048115216    0.106831737
    0.185963988    0.106831737
    0.047499668    0.107353628
    0.184374541    0.107353628
    0.047093686    0.107878059
    0.182798669    0.107878059
    0.046691168    0.108405061
    0.181236267    0.108405061
    0.046292096    0.108934626
    0.179687217    0.108934626
    0.045699872    0.109466776
    0.177388445    0.109466776
    0.045309268    0.110001542
    0.175872296    0.110001542
    0.044922005    0.110538900
    0.173622310    0.110538900
    0.044538055    0.111078903
    0.172138348    0.111078903
    0.043968268    0.111621529
    0.170667067    0.111621529
    0.043592468    0.112166807
    0.168483689    0.112166807
    0.043219864    0.112714760
    0.167043641    0.112714760
    0.042850461    0.113265380
    0.165615901    0.113265380
    0.042484213    0.113818683
    0.164200366    0.113818683
    0.041940704    0.114374690
    0.162796929    0.114374690
    0.041582234    0.114933431
    0.161405489    0.114933431
    0.041226827    0.115494892
    0.159340590    0.115494892
    0.040874455    0.116059087
    0.157978684    0.116059087
    0.040525097    0.116626054
    0.155957639    0.116626054
    0.040006652    0.117195778
    0.154624641    0.117195778
    0.039664712    0.117768288
    0.153303057    0.117768288
    0.039325692    0.118343607
    0.151992753    0.118343607
    0.038989570    0.118921719
    0.150693655    0.118921719
    0.038656324    0.119502671
    0.148765802    0.119502671
    0.038161796    0.120086446
    0.147494286    0.120086446
    0.037835624    0.120673075
    0.146233633    0.120673075
    0.037512239    0.121262588
    0.144983768    0.121262588
    0.037191618    0.121854961
    0.143128932    0.121854961
    0.036873735    0.122450240
    0.141905606    0.122450240
    0.036401995    0.123048417
    0.140090168    0.123048417
    0.036090862    0.123649515
    0.138892800    0.123649515
    0.035782389    0.124253564
    0.137705669    0.124253564
    0.035476554    0.124860547
    0.136528686    0.124860547
    0.035022695    0.125470504
    0.135361761    0.125470504
    0.034723353    0.126083449
    0.134204820    0.126083449
    0.034426566    0.126699373
    0.132487908    0.126699373
    0.034132320    0.127318293
    0.131355524    0.127318293
    0.033695657    0.127940252
    0.129675061    0.127940252
    0.033407658    0.128565267
    0.128566712    0.128565267
    0.033122119    0.129193306
    0.127467841    0.129193306
    0.032839023    0.129824430
    0.126378357    0.129824430
    0.032418903    0.130458638
    0.124761574    0.130458638
    0.032141816    0.131095931
    0.123695225    0.131095931
    0.031867098    0.131736353
    0.122637987    0.131736353
    0.031459413    0.132379889
    0.121589787    0.132379889
    0.031190528    0.133026585
    0.120550551    0.133026585
    0.030923940    0.133676425
    0.119008318    0.133676425
    0.030659629    0.134329438
    0.117991142    0.134329438
    0.030397579    0.134985670
    0.116481654    0.134985670
    0.030008696    0.135645077
    0.115486078    0.135645077
    0.029752208    0.136307701
    0.114499003    0.136307701
    0.029497914    0.136973590
    0.113520369    0.136973590
    0.029120540    0.137642711
    0.112550102    0.137642711
    0.028871644    0.138315111
    0.111110225    0.138315111
    0.028624875    0.138990805
    0.110160552    0.138990805
    0.028380215    0.139669776
    0.109219000    0.139669776
    0.028017141    0.140352070
    0.108285494    0.140352070
    0.027777676    0.141037703
    0.106900170    0.141037703
    0.027540257    0.141726688
    0.105986483    0.141726688
    0.027304867    0.142419025
    0.104630575    0.142419025
    0.026955551    0.143114761
    0.103736289    0.143114761
    0.026725158    0.143813893
    0.102849633    0.143813893
    0.026496736    0.144516438
    0.101970568    0.144516438
    0.026270267    0.145222425
    0.101099014    0.145222425
    0.026045732    0.145931840
    0.100234911    0.145931840
    0.025823116    0.146644726
    0.098952584    0.146644726
    0.025492756    0.147361115
    0.098106824    0.147361115
    0.025274865    0.148080975
    0.097268298    0.148080975
    0.025058839    0.148804381
    0.096023925    0.148804381
    0.024844659    0.149531290
    0.095203198    0.149531290
    0.024632309    0.150261760
    0.094389483    0.150261760
    0.024421774    0.150995821
    0.093181938    0.150995821
    0.024109341    0.151733443
    0.092385501    0.151733443
    0.023903277    0.152474687
    0.091595873    0.152474687
    0.023698973    0.153219521
    0.090812996    0.153219521
    0.023496415    0.153968006
    0.090036809    0.153968006
    0.023295589    0.154720172
    0.088884950    0.154720172
    0.022997564    0.155475989
    0.088125236    0.155475989
    0.022801001    0.156235516
    0.087372027    0.156235516
    0.022606118    0.156998739
    0.086254254    0.156998739
    0.022412902    0.157765672
    0.085517034    0.157765672
    0.022126168    0.158536375
    0.084786110    0.158536375
    0.021937054    0.159310848
    0.084061429    0.159310848
    0.021749556    0.160089090
    0.083342955    0.160089090
    0.021563660    0.160871133
    0.082630612    0.160871133
    0.021287791    0.161656991
    0.081573501    0.161656991
    0.021105843    0.162446693
    0.080876283    0.162446693
    0.020925444    0.163240284
    0.079841614    0.163240284
    0.020746591    0.164037719
    0.079159200    0.164037719
    0.020569269    0.164839044
    0.078482620    0.164839044
    0.020306122    0.165644288
    0.077478573    0.165644288
    0.020132562    0.166453496
    0.076816358    0.166453496
    0.019960493    0.167266622
    0.076159798    0.167266622
    0.019789888    0.168083757
    0.075508855    0.168083757
    0.019536711    0.168904856
    0.074863471    0.168904856
    0.019369729    0.169729963
    0.073905729    0.169729963
    0.019204175    0.170559123
    0.073274046    0.170559123
    0.019040035    0.171392307
    0.072647765    0.171392307
    0.018877298    0.172229588
    0.071718365    0.172229588
    0.018635796    0.173070937
    0.071105383    0.173070937
    0.018476509    0.173916399
    0.070497639    0.173916399
    0.018318588    0.174766004
    0.069895089    0.174766004
    0.018162018    0.175619751
    0.069000907    0.175619751
    0.017929668    0.176477656
    0.068411149    0.176477656
    0.017776420    0.177339762
    0.067826428    0.177339762
    0.017624484    0.178206101
    0.067246713    0.178206101
    0.017473845    0.179076642
    0.066386409    0.179076642
    0.017250299    0.179951444
    0.065818995    0.179951444
    0.017102858    0.180830538
    0.065256439    0.180830538
    0.016956680    0.181713894
    0.064421594    0.181713894
    0.016811749    0.182601586
    0.063870981    0.182601586
    0.016668057    0.183493629
    0.063325070    0.183493629
    0.016525593    0.184389994
    0.062783822    0.184389994
    0.016314177    0.185290754
    0.062247202    0.185290754
    0.016174739    0.186195925
    0.061715171    0.186195925
    0.016036492    0.187105507
    0.060925633    0.187105507
    0.015899425    0.188019514
    0.060404897    0.188019514
    0.015763532    0.188938007
    0.059632123    0.188938007
    0.015628800    0.189861000
    0.059122439    0.189861000
    0.015495218    0.190788478
    0.058617115    0.190788478
    0.015296984    0.191720486
    0.058116108    0.191720486
    0.015166240    0.192657083
    0.057372618    0.192657083
    0.015036613    0.193598211
    0.056882247    0.193598211
    0.014908093    0.194543973
    0.056396071    0.194543973
    0.014780672    0.195494339
    0.055914048    0.195494339
    0.014591580    0.196449339
    0.055436142    0.196449339
    0.014466864    0.197409019
    0.054726936    0.197409019
    0.014343214    0.198373377
    0.054259181    0.198373377
    0.014220621    0.199342459
    0.053565029    0.199342459
    0.014099076    0.200316265
    0.053107206    0.200316265
    0.013978570    0.201294810
    0.052653294    0.201294810
    0.013799739    0.202278182
    0.052203260    0.202278182
    0.013681792    0.203266323
    0.051757071    0.203266323
    0.013564852    0.204259276
    0.051094934    0.204259276
    0.013448912    0.205257088
    0.050658219    0.205257088
    0.013333962    0.206259817
    0.050225239    0.206259817
    0.013219995    0.207267404
    0.049795959    0.207267404
    0.013050869    0.208279908
    0.049158908    0.208279908
    0.012939323    0.209297404
    0.048738740    0.209297404
    0.012828729    0.210319817
    0.048115216    0.210319817
    0.012719080    0.211347252
    0.047703970    0.211347252
    0.012610369    0.212379709
    0.047296241    0.212379709
    0.012449042    0.213417202
    0.046891995    0.213417202
    0.012342638    0.214459777
    0.046491206    0.214459777
    0.012237145    0.215507418
    0.046093840    0.215507418
    0.012132552    0.216560185
    0.045504149    0.216560185
    0.012028854    0.217618123
    0.045115221    0.217618123
    0.011874967    0.218681201
    0.044538055    0.218681201
    0.011773470    0.219749495
    0.044157382    0.219749495
    0.011672841    0.220822975
    0.043779965    0.220822975
    0.011573073    0.221901715
    0.043405760    0.221901715
    0.011474156    0.222985744
    0.042850461    0.222985744
    0.011327364    0.224075034
    0.042484213    0.224075034
    0.011230549    0.225169659
    0.042121097    0.225169659
    0.011134560    0.226269647
    0.041761085    0.226269647
    0.011039392    0.227374986
    0.041404147    0.227374986
    0.010945037    0.228485718
    0.040874455    0.228485718
    0.010805015    0.229601875
    0.040525097    0.229601875
    0.010712664    0.230723530
    0.040006652    0.230723530
    0.010621101    0.231850624
    0.039664712    0.231850624
    0.010530321    0.232983217
    0.039325692    0.232983217
    0.010440318    0.234121382
    0.038989570    0.234121382
    0.010351083    0.235265076
    0.038656324    0.235265076
    0.010262611    0.236414358
    0.038325936    0.236414358
    0.010174896    0.237569258
    0.037835624    0.237569258
    0.010087930    0.238729820
    0.037512239    0.238729820
    0.009958873    0.239896029
    0.037191618    0.239896029
    0.009873753    0.241067931
    0.036715817    0.241067931
    0.009789362    0.242245600
    0.036401995    0.242245600
    0.009705691    0.243428975
    0.036090862    0.243428975
    0.009622735    0.244618133
    0.035629142    0.244618133
    0.009540489    0.245813131
    0.035324618    0.245813131
    0.009458945    0.247013941
    0.035022695    0.247013941
    0.009378099    0.248220623
    0.034723353    0.248220623
    0.009258123    0.249433219
    0.034426566    0.249433219
    0.009178992    0.250651717
    0.033986140    0.250651717
    0.009100539    0.251876146
    0.033695657    0.251876146
    0.009022756    0.253106594
    0.033407658    0.253106594
    0.008945637    0.254343063
    0.032980267    0.254343063
    0.008869178    0.255585521
    0.032698382    0.255585521
    0.008793372    0.256834090
    0.032418903    0.256834090
    0.008718214    0.258088768
    0.032004163    0.258088768
    0.008643699    0.259349525
    0.031730618    0.259349525
    0.008533118    0.260616511
    0.031459413    0.260616511
    0.008460185    0.261889637
    0.031190528    0.261889637
    0.008387875    0.263168961
    0.030923940    0.263168961
    0.008316183    0.264454603
    0.030528322    0.264454603
    0.008245103    0.265746474
    0.030267393    0.265746474
    0.008174632    0.267044693
    0.030008696    0.267044693
    0.008104762    0.268349200
    0.029624788    0.268349200
    0.008035490    0.269660115
    0.029371582    0.269660115
    0.007966810    0.270977437
    0.029120540    0.270977437
    0.007864889    0.272301197
    0.028871644    0.272301197
    0.007797667    0.273631424
    0.028624875    0.273631424
    0.007731020    0.274968117
    0.028380215    0.274968117
    0.007664942    0.276311368
    0.028017141    0.276311368
    0.007599429    0.277661204
    0.027777676    0.277661204
    0.007534476    0.279017568
    0.027422309    0.279017568
    0.007470077    0.280380636
    0.027187929    0.280380636
    0.007374511    0.281750292
    0.026955551    0.281750292
    0.007311481    0.283126652
    0.026610702    0.283126652
    0.007248988    0.284509748
    0.026383258    0.284509748
    0.007187031    0.285899639
    0.026157757    0.285899639
    0.007125603    0.287296265
    0.025934184    0.287296265
    0.007064699    0.288699716
    0.025712522    0.288699716
    0.007004316    0.290110022
    0.025383577    0.290110022
    0.006944450    0.291527241
    0.025166621    0.291527241
    0.006885095    0.292951405
    0.024951519    0.292951405
    0.006826248    0.294382483
    0.024632309    0.294382483
    0.006767903    0.295820534
    0.024421774    0.295820534
    0.006710057    0.297265649
    0.024213038    0.297265649
    0.006652705    0.298717827
    0.024006087    0.298717827
    0.006567596    0.300177097
    0.023698973    0.300177097
    0.006511462    0.301643491
    0.023496415    0.301643491
    0.006455808    0.303117037
    0.023295589    0.303117037
    0.006400629    0.304597795
    0.023096479    0.304597795
    0.006345923    0.306085795
    0.022801001    0.306085795
    0.006291683    0.307581037
    0.022606118    0.307581037
    0.006237908    0.309083641
    0.022412902    0.309083641
    0.006184591    0.310593516
    0.022126168    0.310593516
    0.006131731    0.312110782
    0.021937054    0.312110782
    0.006079323    0.313635498
    0.021749556    0.313635498
    0.006027362    0.315167636
    0.021563660    0.315167636
    0.005975846    0.316707253
    0.021379353    0.316707253
    0.005924770    0.318254411
    0.021196622    0.318254411
    0.005874130    0.319809109
    0.020925444    0.319809109
    0.005823923    0.321371406
    0.020746591    0.321371406
    0.005774145    0.322941333
    0.020481175    0.322941333
    0.005724793    0.324518919
    0.020306122    0.324518919
    0.005675863    0.326104254
    0.020132562    0.326104254
    0.005627351    0.327697307
    0.019960493    0.327697307
    0.005579253    0.329298109
    0.019705134    0.329298109
    0.005531567    0.330906779
    0.019536711    0.330906779
    0.005484288    0.332523257
    0.019369729    0.332523257
    0.005437413    0.334147692
    0.019204175    0.334147692
    0.005390939    0.335780025
    0.019040035    0.335780025
    0.005344862    0.337420315
    0.018796451    0.337420315
    0.005299179    0.339068651
    0.018635796    0.339068651
    0.005253886    0.340725034
    0.018397380    0.340725034
    0.005208981    0.342389494
    0.018240135    0.342389494
    0.005164459    0.344062120
    0.018084235    0.344062120
    0.005120318    0.345742881
    0.017929668    0.345742881
    0.005076551    0.347431868
    0.017776420    0.347431868
    0.005033161    0.349129081
    0.017549003    0.349129081
    0.004990143    0.350834638
    0.017399009    0.350834638
    0.004947491    0.352548480
    0.017250299    0.352548480
    0.004905205    0.354270697
    0.017029611    0.354270697
    0.004863279    0.356001347
    0.016884059    0.356001347
    0.004821713    0.357740432
    0.016739748    0.357740432
    0.004780501    0.359488040
    0.016525593    0.359488040
    0.004739641    0.361244172
    0.016384346    0.361244172
    0.004699131    0.363008887
    0.016244309    0.363008887
    0.004658967    0.364782214
    0.016105467    0.364782214
    0.004619147    0.366564214
    0.015967812    0.366564214
    0.004579667    0.368354917
    0.015831333    0.368354917
    0.004540524    0.370154351
    0.015628800    0.370154351
    0.004501715    0.371962607
    0.015495218    0.371962607
    0.004463239    0.373779684
    0.015296984    0.373779684
    0.004425091    0.375605613
    0.015166240    0.375605613
    0.004387269    0.377440482
    0.015036613    0.377440482
    0.004368480    0.379284322
    0.014908093    0.379284322
    0.004331142    0.381137133
    0.014717370    0.381137133
    0.004294123    0.382999033
    0.014591580    0.382999033
    0.004257421    0.384870023
    0.014466864    0.384870023
    0.004221032    0.386750132
    0.014343214    0.386750132
    0.004184955    0.388639450
    0.014159719    0.388639450
    0.004149185    0.390538007
    0.014038694    0.390538007
    0.004113722    0.392445832
    0.013918703    0.392445832
    0.004096104    0.394362926
    0.013740639    0.394362926
    0.004061094    0.396289438
    0.013623197    0.396289438
    0.004026384    0.398225367
    0.013506757    0.398225367
    0.003991970    0.400170714
    0.013333962    0.400170714
    0.003957850    0.402125597
    0.013219995    0.402125597
    0.003924021    0.404089987
    0.013107003    0.404089987
    0.003890483    0.406064004
    0.012994977    0.406064004
    0.003857230    0.408047676
    0.012883907    0.408047676
    0.003824262    0.410041004
    0.012719080    0.410041004
    0.003807884    0.412044108
    0.012610369    0.412044108
    0.003775338    0.414056957
    0.012449042    0.414056957
    0.003743069    0.416079670
    0.012342638    0.416079670
    0.003711077    0.418112278
    0.012237145    0.418112278
    0.003679358    0.420154810
    0.012132552    0.420154810
    0.003647910    0.422207266
    0.012028854    0.422207266
    0.003632287    0.424269795
    0.011874967    0.424269795
    0.003601242    0.426342398
    0.011773470    0.426342398
    0.003570462    0.428425133
    0.011672841    0.428425133
    0.003539945    0.430518061
    0.011523508    0.430518061
    0.003509688    0.432621151
    0.011425016    0.432621151
    0.003494657    0.434734553
    0.011278853    0.434734553
    0.003464788    0.436858267
    0.011182452    0.436858267
    0.003435174    0.438992381
    0.011086874    0.438992381
    0.003405813    0.441136867
    0.010992114    0.441136867
    0.003376703    0.443291873
    0.010851488    0.443291873
    0.003347842    0.445457369
    0.010758740    0.445457369
    0.003319228    0.447633475
    0.010666784    0.447633475
    0.003305013    0.449820220
    0.010575614    0.449820220
    0.003276764    0.452017605
    0.010440318    0.452017605
    0.003248758    0.454225779
    0.010351083    0.454225779
    0.003220990    0.456444681
    0.010262611    0.456444681
    0.003207196    0.458674461
    0.010131320    0.458674461
    0.003179783    0.460915148
    0.010044727    0.460915148
    0.003152605    0.463166744
    0.009958873    0.463166744
    0.003125660    0.465429366
    0.009873753    0.465429366
    0.003098944    0.467703044
    0.009747436    0.467703044
    0.003072458    0.469987810
    0.009664124    0.469987810
    0.003059299    0.472283721
    0.009581524    0.472283721
    0.003033151    0.474590868
    0.009458945    0.474590868
    0.003007226    0.476909310
    0.009378099    0.476909310
    0.002994347    0.479239047
    0.009297943    0.479239047
    0.002968754    0.481580168
    0.009178992    0.481580168
    0.002943380    0.483932734
    0.009100539    0.483932734
    0.002930774    0.486296773
    0.009022756    0.486296773
    0.002905725    0.488672346
    0.008907326    0.488672346
    0.002880889    0.491059572
    0.008831194    0.491059572
    0.002868551    0.493458450
    0.008755713    0.493458450
    0.002844033    0.495869011
    0.008680876    0.495869011
    0.002831853    0.498291373
    0.008569820    0.498291373
    0.002807649    0.500725567
    0.008496573    0.500725567
    0.002783652    0.503171682
    0.008387875    0.503171682
    0.002771730    0.505629718
    0.008316183    0.505629718
    0.002748040    0.508099735
    0.008245103    0.508099735
    0.002736271    0.510581851
    0.008139622    0.510581851
    0.002712884    0.513076067
    0.008070052    0.513076067
    0.002689696    0.515582502
    0.008001076    0.515582502
    0.002666707    0.518101215
    0.007932690    0.518101215
    0.002655286    0.520632207
    0.007831206    0.520632207
    0.002632591    0.523175538
    0.007764271    0.523175538
    0.002621317    0.525731266
    0.007664942    0.525731266
    0.002598912    0.528299510
    0.007599429    0.528299510
    0.002587782    0.530880332
    0.007502208    0.530880332
    0.002565664    0.533473730
    0.007438085    0.533473730
    0.002554676    0.536079764
    0.007374511    0.536079764
    0.002532840    0.538698554
    0.007311481    0.538698554
    0.002511192    0.541330159
    0.007217943    0.541330159
    0.002500437    0.543974578
    0.007156251    0.543974578
    0.002479066    0.546631992
    0.007095085    0.546631992
    0.002468449    0.549302280
    0.007004316    0.549302280
    0.002447351    0.551985681
    0.006944450    0.551985681
    0.002436869    0.554682195
    0.006855608    0.554682195
    0.002416041    0.557391882
    0.006797012    0.557391882
    0.002405694    0.560114801
    0.006710057    0.560114801
    0.002385132    0.562851012
    0.006652705    0.562851012
    0.002374917    0.565600574
    0.006595844    0.565600574
    0.002354619    0.568363607
    0.006539469    0.568363607
    0.002344534    0.571140110
    0.006455808    0.571140110
    0.002324495    0.573930144
    0.006400629    0.573930144
    0.002314540    0.576733887
    0.006318745    0.576733887
    0.002304628    0.579551280
    0.006264738    0.579551280
    0.002284930    0.582382441
    0.006184591    0.582382441
    0.002275144    0.585227430
    0.006131731    0.585227430
    0.002255698    0.588086307
    0.006079323    0.588086307
    0.002246038    0.590959132
    0.006001549    0.590959132
    0.002226841    0.593846083
    0.005950253    0.593846083
    0.002217304    0.596747041
    0.005899395    0.596747041
    0.002198352    0.599662185
    0.005848973    0.599662185
    0.002188937    0.602591574
    0.005774145    0.602591574
    0.002179563    0.605535328
    0.005700276    0.605535328
    0.002160934    0.608493388
    0.005651555    0.608493388
    0.002151679    0.611465931
    0.005579253    0.611465931
    0.002142464    0.614453018
    0.005531567    0.614453018
    0.002133288    0.617454648
    0.005460800    0.617454648
    0.002115055    0.620471001
    0.005414126    0.620471001
    0.002105997    0.623502076
    0.005367851    0.623502076
    0.002096978    0.626547933
    0.005299179    0.626547933
    0.002079054    0.629608631
    0.005253886    0.629608631
    0.002070150    0.632684350
    0.005186672    0.632684350
    0.002061284    0.635775089
    0.005142341    0.635775089
    0.002052457    0.638880908
    0.005076551    0.638880908
    0.002043667    0.642001867
    0.005033161    0.642001867
    0.002034914    0.645138144
    0.004968771    0.645138144
    0.002017521    0.648289680
    0.004926303    0.648289680
    0.002008881    0.651456654
    0.004863279    0.651456654
    0.002000277    0.654639065
    0.004821713    0.654639065
    0.001991711    0.657837033
    0.004780501    0.657837033
    0.001974687    0.661050618
    0.004719343    0.661050618
    0.001966230    0.664279938
    0.004679006    0.664279938
    0.001966230    0.667524993
    0.004619147    0.667524993
    0.001957810    0.670785904
    0.004560053    0.670785904
    0.001949425    0.674062788
    0.004521077    0.674062788
    0.001941076    0.677355647
    0.004463239    0.677355647
    0.001924485    0.680664539
    0.004406139    0.680664539
    0.001916243    0.683989704
    0.004368480    0.683989704
    0.001908037    0.687331021
    0.004331142    0.687331021
    0.001899865    0.690688670
    0.004275733    0.690688670
    0.001891728    0.694062769
    0.004239188    0.694062769
    0.001883627    0.697453320
    0.004184955    0.697453320
    0.001875560    0.700860441
    0.004131415    0.700860441
    0.001875560    0.704284191
    0.004096104    0.704284191
    0.001867527    0.707724690
    0.004043702    0.707724690
    0.001859529    0.711181998
    0.003991970    0.711181998
    0.001851565    0.714656174
    0.003957850    0.714656174
    0.001843636    0.718147337
    0.003907216    0.718147337
    0.001835740    0.721655548
    0.003873821    0.721655548
    0.001827878    0.725180924
    0.003824262    0.725180924
    0.001820049    0.728723526
    0.003791576    0.728723526
    0.001812255    0.732283354
    0.003743069    0.732283354
    0.001812255    0.735860646
    0.003695183    0.735860646
    0.001804493    0.739455402
    0.003647910    0.739455402
    0.001796765    0.743067741
    0.003616731    0.743067741
    0.001796765    0.746697664
    0.003570462    0.746697664
    0.001789070    0.750345349
    0.003524784    0.750345349
    0.001781408    0.754010856
    0.003494657    0.754010856
    0.001773779    0.757694244
    0.003449949    0.757694244
    0.001766182    0.761395633
    0.003405813    0.761395633
    0.001766182    0.765115142
    0.003376703    0.765115142
    0.001758618    0.768852770
    0.003333505    0.768852770
    0.001758618    0.772608697
    0.003290858    0.772608697
    0.001751086    0.776382923
    0.003248758    0.776382923
    0.001751086    0.780175626
    0.003207196    0.780175626
    0.001743587    0.783986866
    0.003179783    0.783986866
    0.001743587    0.787816703
    0.003139104    0.787816703
    0.001743587    0.791665256
    0.003098944    0.791665256
    0.001736120    0.795532644
    0.003059299    0.795532644
    0.001736120    0.799418867
    0.003020161    0.799418867
    0.001728684    0.803324103
    0.002981523    0.803324103
    0.001728684    0.807248414
    0.002943380    0.807248414
    0.001728684    0.811191916
    0.002905725    0.811191916
    0.001736120    0.815154612
    0.002856266    0.815154612
    0.001736120    0.819136739
    0.002819725    0.819136739
    0.001736120    0.823138297
    0.002783652    0.823138297
    0.001736120    0.827159405
    0.002748040    0.827159405
    0.001736120    0.831200182
    0.002701265    0.831200182
    0.001736120    0.835260630
    0.002666707    0.835260630
    0.001736120    0.839340985
    0.002632591    0.839340985
    0.001736120    0.843441188
    0.002598912    0.843441188
    0.001743587    0.847561538
    0.002554676    0.847561538
    0.001743587    0.851701915
    0.002511192    0.851701915
    0.001751086    0.855862558
    0.002479066    0.855862558
    0.001758618    0.860043526
    0.002426433    0.860043526
    0.001773779    0.864244938
    0.002385132    0.864244938
    0.001781408    0.868466854
    0.002344534    0.868466854
    0.001789070    0.872709394
    0.002294758    0.872709394
    0.001804493    0.876972675
    0.002255698    0.876972675
    0.001812255    0.881256759
    0.002207808    0.881256759
    0.001835740    0.885561764
    0.002160934    0.885561764
    0.001875560    0.889887810
    0.002087997    0.889887810
    0.001221055    2.128978491
    0.001330498    2.128978491
    0.001159759    2.139378786
    0.001400818    2.139378786
    0.001125434    2.149829626
    0.001449751    2.149829626
    0.001101540    2.160331726
    0.001500393    2.160331726
    0.001078153    2.170885086
    0.001546154    2.170885086
    0.001064360    2.181490183
    0.001586487    2.181490183
    0.001046244    2.192147017
    0.001627872    2.192147017
    0.001032859    2.202855587
    0.001663183    2.202855587
    0.001024031    2.213616848
    0.001699260    2.213616848
    0.001010930    2.224430561
    0.001736120    2.224430561
    0.001002290    2.235297203
    0.001773779    2.235297203
    0.000993723    2.246216774
    0.001804493    2.246216774
    0.000989467    2.257189751
    0.001835740    2.257189751
    0.000981010    2.268216372
    0.001867527    2.268216372
    0.000976809    2.279296637
    0.001908037    2.279296637
    0.000968460    2.290431261
    0.001941076    2.290431261
    0.000964312    2.301620245
    0.001974687    2.301620245
    0.000956070    2.312863827
    0.002008881    2.312863827
    0.000951976    2.324162245
    0.002043667    2.324162245
    0.000947898    2.335516214
    0.002087997    2.335516214
    0.000939797    2.346925259
    0.002124152    2.346925259
    0.000939797    2.358390331
    0.002151679    2.358390331
    0.000935772    2.369911194
    0.002188937    2.369911194
    0.000931764    2.381488562
    0.002217304    2.381488562
    0.000931764    2.393122196
    0.002246038    2.393122196
    0.000927774    2.404812813
    0.002284930    2.404812813
    0.000927774    2.416560650
    0.002314540    2.416560650
    0.000923800    2.428365707
    0.002354619    2.428365707
    0.000919844    2.440228462
    0.002395391    2.440228462
    0.000919844    2.452149153
    0.002436869    2.452149153
    0.000915904    2.464128256
    0.002468449    2.464128256
    0.000915904    2.476165771
    0.002500437    2.476165771
    0.000915904    2.488262177
    0.002532840    2.488262177
    0.000915904    2.500417471
    0.002565664    2.500417471
    0.000915904    2.512632370
    0.002587782    2.512632370
    0.000915904    2.524906635
    0.002621317    2.524906635
    0.000915904    2.537241220
    0.002655286    2.537241220
    0.000915904    2.549635649
    0.002689696    2.549635649
    0.000915904    2.562090874
    0.002724552    2.562090874
    0.000915904    2.574606895
    0.002759859    2.574606895
    0.000915904    2.587184191
    0.002795625    2.587184191
    0.000915904    2.599822760
    0.002819725    2.599822760
    0.000919844    2.612523079
    0.002844033    2.612523079
    0.000919844    2.625285625
    0.002868551    2.625285625
    0.000919844    2.638110161
    0.002905725    2.638110161
    0.000923800    2.650997639
    0.002930774    2.650997639
    0.000923800    2.663948059
    0.002956040    2.663948059
    0.000927774    2.676961660
    0.002981523    2.676961660
    0.000927774    2.690038919
    0.003007226    2.690038919
    0.000931764    2.703179836
    0.003046197    2.703179836
    0.000931764    2.716385126
    0.003072458    2.716385126
    0.000935772    2.729655027
    0.003085673    2.729655027
    0.000939797    2.742989540
    0.003112274    2.742989540
    0.000943839    2.756389141
    0.003125660    2.756389141
    0.000943839    2.769854307
    0.003139104    2.769854307
    0.000947898    2.783385277
    0.003166165    2.783385277
    0.000951976    2.796982527
    0.003179783    2.796982527
    0.000956070    2.810645819
    0.003207196    2.810645819
    0.000960182    2.824376345
    0.003220990    2.824376345
    0.000960182    2.838173389
    0.003234844    2.838173389
    0.000964312    2.852038145
    0.003262731    2.852038145
    0.000972625    2.865970850
    0.003276764    2.865970850
    0.000976809    2.879971266
    0.003276764    2.879971266
    0.000981010    2.894040108
    0.003290858    2.894040108
    0.000985230    2.908177614
    0.003305013    2.908177614
    0.000989467    2.922384501
    0.003305013    2.922384501
    0.000993723    2.936660528
    0.003319228    2.936660528
    0.001002290    2.951006413
    0.003333505    2.951006413
    0.001006601    2.965422392
    0.003333505    2.965422392
    0.001010930    2.979908705
    0.003347842    2.979908705
    0.001015278    2.994465828
    0.003362242    2.994465828
    0.001024031    3.009094238
    0.003362242    3.009094238
    0.001028435    3.023793936
    0.003362242    3.023793936
    0.001037301    3.038565397
    0.003362242    3.038565397
    0.001041763    3.053409100
    0.003376703    3.053409100
    0.001050744    3.068325281
    0.003376703    3.068325281
    0.001055263    3.083314419
    0.003376703    3.083314419
    0.001064360    3.098376751
    0.003376703    3.098376751
    0.001073536    3.113512516
    0.003376703    3.113512516
    0.001078153    3.128722429
    0.003391227    3.128722429
    0.001087448    3.144006491
    0.003391227    3.144006491
    0.001096822    3.159365416
    0.003391227    3.159365416
    0.001106278    3.174799204
    0.003391227    3.174799204
    0.001111036    3.190308094
    0.003391227    3.190308094
    0.001120614    3.205893517
    0.003391227    3.205893517
    0.001130275    3.221554279
    0.003376703    3.221554279
    0.001140019    3.237291813
    0.003376703    3.237291813
    0.001149846    3.253106117
    0.003376703    3.253106117
    0.001159759    3.268998146
    0.003376703    3.268998146
    0.001169757    3.284967184
    0.003376703    3.284967184
    0.001179841    3.301014423
    0.003376703    3.301014423
    0.001184916    3.317140102
    0.003376703    3.317140102
    0.001195131    3.333344460
    0.003376703    3.333344460
    0.001205434    3.349628448
    0.003376703    3.349628448
    0.001215826    3.365991592
    0.003376703    3.365991592
    0.001226307    3.382434607
    0.003376703    3.382434607
    0.001236879    3.398957968
    0.003376703    3.398957968
    0.001247542    3.415562391
    0.003376703    3.415562391
    0.001258296    3.432247639
    0.003376703    3.432247639
    0.001269144    3.449014664
    0.003376703    3.449014664
    0.001280085    3.465863228
    0.003376703    3.465863228
    0.001291120    3.482794285
    0.003376703    3.482794285
    0.001296674    3.499808311
    0.003376703    3.499808311
    0.001307852    3.516905069
    0.003376703    3.516905069
    0.001319127    3.534085751
    0.003376703    3.534085751
    0.001330498    3.551349878
    0.003376703    3.551349878
    0.001341968    3.568698406
    0.003376703    3.568698406
    0.001353537    3.586132050
    0.003376703    3.586132050
    0.001365206    3.603650570
    0.003376703    3.603650570
    0.001376975    3.621254921
    0.003376703    3.621254921
    0.001394819    3.638945103
    0.003376703    3.638945103
    0.001400818    3.656721354
    0.003376703    3.656721354
    0.001412895    3.674585104
    0.003376703    3.674585104
    0.001425075    3.692535639
    0.003376703    3.692535639
    0.001437360    3.710574389
    0.003362242    3.710574389
    0.001449751    3.728700638
    0.003362242    3.728700638
    0.001462249    3.746915579
    0.003362242    3.746915579
    0.001474855    3.765219927
    0.003362242    3.765219927
    0.001487569    3.783613205
    0.003347842    3.783613205
    0.001500393    3.802096367
    0.003347842    3.802096367
    0.001513328    3.820669651
    0.003347842    3.820669651
    0.001526374    3.839334249
    0.003319228    3.839334249
    0.001539533    3.858089685
    0.003305013    3.858089685
    0.001559483    3.876936674
    0.003276764    3.876936674
    0.001572927    3.895876169
    0.003262731    3.895876169
    0.001586487    3.914907694
    0.003234844    3.914907694
    0.001607047    3.934032202
    0.003207196    3.934032202
    0.001620901    3.953250647
    0.003193460    3.953250647
    0.001641906    3.972562313
    0.003166165    3.972562313
    0.001656060    3.991968632
    0.003139104    3.991968632
    0.001677521    4.011469841
    0.003112274    4.011469841
    0.001706569    4.031066418
    0.003059299    4.031066418
    0.001736120    4.050758362
    0.003007226    4.050758362
    0.001766182    4.070546150
    0.002943380    4.070546150
    0.001796765    4.090431690
    0.002893280    4.090431690
    0.001835740    4.110413551
    0.002819725    4.110413551
    0.001875560    4.130493164
    0.002759859    4.130493164
    0.001924485    4.150671482
    0.002678177    4.150671482
    0.001974687    4.170947552
    0.002598912    4.170947552
    0.002061284    4.191322803
    0.002489729    4.191322803
    0.001736120    7.094512939
    0.001941076    7.094512939
    0.001691983    7.129169941
    0.001983181    7.129169941
    0.001648968    7.163996220
    0.002000277    7.163996220
    0.001607047    7.198993683
    0.002017521    7.198993683
    0.001579693    7.234160900
    0.002052457    7.234160900
    0.001546154    7.269500256
    0.002079054    7.269500256
    0.001519837    7.305012226
    0.002096978    7.305012226
    0.001493968    7.340698242
    0.002124152    7.340698242
    0.001468539    7.376557827
    0.002142464    7.376557827
    0.001443542    7.412592888
    0.002160934    7.412592888
    0.001418972    7.448804855
    0.002179563    7.448804855
    0.001400818    7.485192299
    0.002198352    7.485192299
    0.001376975    7.521759033
    0.002207808    7.521759033
    0.001359359    7.558503151
    0.002226841    7.558503151
    0.001336221    7.595426559
    0.002265400    7.595426559
    0.001313477    7.632531643
    0.002304628    7.632531643
    0.001291120    7.669816971
    0.002334493    7.669816971
    0.001274603    7.707285404
    0.002374917    7.707285404
    0.001252907    7.744935989
    0.002405694    7.744935989
    0.001236879    7.782770157
    0.002447351    7.782770157
    0.001221055    7.820790291
    0.002479066    7.820790291
    0.001205434    7.858995438
    0.002511192    7.858995438
    0.001190012    7.897386551
    0.002543735    7.897386551
    0.001174788    7.935966015
    0.002576699    7.935966015
    0.001159759    7.974734306
    0.002621317    7.974734306
    0.001144922    8.013690948
    0.002666707    8.013690948
    0.001130275    8.052838326
    0.002724552    8.052838326
    0.001120614    8.092178345
    0.002771730    8.092178345
    0.001106278    8.131709099
    0.002819725    8.131709099
    0.001096822    8.171432495
    0.002868551    8.171432495
    0.001082791    8.211351395
    0.002930774    8.211351395
    0.001073536    8.251463890
    0.002981523    8.251463890
    0.001064360    8.291772842
    0.003033151    8.291772842
    0.001050744    8.332280159
    0.003085673    8.332280159
    0.001046244    8.372982979
    0.003125660    8.372982979
    0.001041763    8.413886070
    0.003179783    8.413886070
    0.001037301    8.454988480
    0.003220990    8.454988480
    0.001028435    8.496292114
    0.003276764    8.496292114
    0.001024031    8.537796974
    0.003319228    8.537796974
    0.001019645    8.579504013
    0.003376703    8.579504013
    0.001015278    8.621417046
    0.003420462    8.621417046
    0.001010930    8.663533211
    0.003479691    8.663533211
    0.001006601    8.705855370
    0.003524784    8.705855370
    0.001002290    8.748384476
    0.003570462    8.748384476
    0.001002290    8.791120529
    0.003601242    8.791120529
    0.001006601    8.834066391
    0.003632287    8.834066391
    0.001010930    8.877221107
    0.003647910    8.877221107
    0.001010930    8.920588493
    0.003679358    8.920588493
    0.001015278    8.964165688
    0.003695183    8.964165688
    0.001019645    9.007956505
    0.003727039    9.007956505
    0.001024031    9.051961899
    0.003759169    9.051961899
    0.001024031    9.096180916
    0.003775338    9.096180916
    0.001028435    9.140616417
    0.003807884    9.140616417
    0.001032859    9.185268402
    0.003840711    9.185268402
    0.001041763    9.230139732
    0.003840711    9.230139732
    0.001055263    9.275229454
    0.003840711    9.275229454
    0.001064360    9.320539474
    0.003824262    9.320539474
    0.001078153    9.366071701
    0.003824262    9.366071701
    0.001092125    9.411826134
    0.003824262    9.411826134
    0.001106278    9.457802773
    0.003824262    9.457802773
    0.001120614    9.504006386
    0.003824262    9.504006386
    0.001135136    9.550433159
    0.003807884    9.550433159
    0.001144922    9.597087860
    0.003807884    9.597087860
    0.001159759    9.643971443
    0.003807884    9.643971443
    0.001179841    9.691082954
    0.003775338    9.691082954
    0.001200271    9.738424301
    0.003743069    9.738424301
    0.001226307    9.785996437
    0.003711077    9.785996437
    0.001247542    9.833803177
    0.003679358    9.833803177
    0.001269144    9.881841660
    0.003647910    9.881841660
    0.001296674    9.930114746
    0.003616731    9.930114746
    0.001319127    9.978625298
    0.003570462    9.978625298
    0.001347740   10.027371407
    0.003539945   10.027371407
    0.001382897   10.076356888
    0.003494657   10.076356888
    0.001412895   10.125581741
    0.003449949   10.125581741
    0.001437360   10.175044060
    0.003405813   10.175044060
    0.001468539   10.224750519
    0.003376703   10.224750519
    0.001500393   10.274700165
    0.003333505   10.274700165
    0.001526374   10.324891090
    0.003290858   10.324891090
    0.001566191   10.375330925
    0.003234844   10.375330925
    0.001600164   10.426015854
    0.003193460   10.426015854
    0.001641906   10.476945877
    0.003139104   10.476945877
    0.001684736   10.528127670
    0.003085673   10.528127670
    0.001736120   10.579556465
    0.003020161   10.579556465
    0.001789070   10.631239891
    0.002943380   10.631239891
    0.001812255   10.683175087
    0.002930774   10.683175087
    0.001820049   10.735361099
    0.002930774   10.735361099
    0.001843636   10.787805557
    0.002930774   10.787805557
    0.001859529   10.840502739
    0.002918222   10.840502739
    0.001867527   10.893461227
    0.002918222   10.893461227
    0.001883627   10.946677208
    0.002905725   10.946677208
    0.001899865   11.000150681
    0.002893280   11.000150681
    0.001924485   11.053888321
    0.002893280   11.053888321
    0.001941076   11.107889175
    0.002880889   11.107889175
    0.001957810   11.162149429
    0.002868551   11.162149429
    0.001941076   11.216678619
    0.002893280   11.216678619
    0.001916243   11.271474838
    0.002918222   11.271474838
    0.001899865   11.326538086
    0.002930774   11.326538086
    0.001883627   11.381866455
    0.002956040   11.381866455
    0.001867527   11.437469482
    0.002968754   11.437469482
    0.001851565   11.493343353
    0.002994347   11.493343353
    0.001835740   11.549487114
    0.003007226   11.549487114
    0.001820049   11.605908394
    0.003033151   11.605908394
    0.001804493   11.662605286
    0.003046197   11.662605286
    0.001789070   11.719579697
    0.003059299   11.719579697
    0.001773779   11.776828766
    0.003046197   11.776828766
    0.001758618   11.834360123
    0.003033151   11.834360123
    0.001743587   11.892173767
    0.003007226   11.892173767
    0.001728684   11.950265884
    0.002994347   11.950265884
    0.001713909   12.008645058
    0.002981523   12.008645058
    0.001699260   12.067309380
    0.002956040   12.067309380
    0.001684736   12.126256943
    0.002943380   12.126256943
    0.001670337   12.185495377
    0.002930774   12.185495377
    0.001656060   12.245023727
    0.002918222   12.245023727
    0.001641906   12.304840088
    0.002905725   12.304840088
    0.001607047   12.364951134
    0.002918222   12.364951134
    0.001579693   12.425355911
    0.002918222   12.425355911
    0.001546154   12.486056328
    0.002930774   12.486056328
    0.001519837   12.547049522
    0.002930774   12.547049522
    0.001493968   12.608344078
    0.002943380   12.608344078
    0.001468539   12.669938087
    0.002943380   12.669938087
    0.001437360   12.731829643
    0.002956040   12.731829643
    0.001412895   12.794027328
    0.002956040   12.794027328
    0.001388845   12.856524467
    0.002968754   12.856524467
    0.001365206   12.919331551
    0.002968754   12.919331551
    0.001347740   12.982444763
    0.002994347   12.982444763
    0.001324800   13.045862198
    0.003020161   13.045862198
    0.001307852   13.109593391
    0.003046197   13.109593391
    0.001291120   13.173632622
    0.003072458   13.173632622
    0.001274603   13.237988472
    0.003098944   13.237988472
    0.001258296   13.302658081
    0.003125660   13.302658081
    0.001242199   13.367640495
    0.003152605   13.367640495
    0.001231582   13.432944298
    0.003179783   13.432944298
    0.001215826   13.498566628
    0.003193460   13.498566628
    0.001200271   13.564509392
    0.003220990   13.564509392
    0.001195131   13.630770683
    0.003248758   13.630770683
    0.001190012   13.697359085
    0.003290858   13.697359085
    0.001184916   13.764273643
    0.003319228   13.764273643
    0.001179841   13.831510544
    0.003362242   13.831510544
    0.001174788   13.899080276
    0.003391227   13.899080276
    0.001169757   13.966979980
    0.003435174   13.966979980
    0.001164747   14.035206795
    0.003464788   14.035206795
    0.001164747   14.103771210
    0.003509688   14.103771210
    0.001159759   14.172671318
    0.003539945   14.172671318
    0.001154792   14.241903305
    0.003585819   14.241903305
    0.001154792   14.311477661
    0.003616731   14.311477661
    0.001154792   14.381391525
    0.003647910   14.381391525
    0.001159759   14.451647758
    0.003679358   14.451647758
    0.001159759   14.522242546
    0.003711077   14.522242546
    0.001164747   14.593186378
    0.003743069   14.593186378
    0.001164747   14.664476395
    0.003775338   14.664476395
    0.001164747   14.736110687
    0.003807884   14.736110687
    0.001169757   14.808099747
    0.003840711   14.808099747
    0.001169757   14.880439758
    0.003890483   14.880439758
    0.001174788   14.953133583
    0.003924021   14.953133583
    0.001179841   15.026178360
    0.003924021   15.026178360
    0.001184916   15.099583626
    0.003924021   15.099583626
    0.001190012   15.173347473
    0.003924021   15.173347473
    0.001200271   15.247467995
    0.003940899   15.247467995
    0.001205434   15.321954727
    0.003940899   15.321954727
    0.001210619   15.396805763
    0.003940899   15.396805763
    0.001221055   15.472017288
    0.003940899   15.472017288
    0.001226307   15.547600746
    0.003940899   15.547600746
    0.001231582   15.623549461
    0.003957850   15.623549461
    0.001242199   15.699872971
    0.003957850   15.699872971
    0.001252907   15.776570320
    0.003924021   15.776570320
    0.001263708   15.853636742
    0.003873821   15.853636742
    0.001280085   15.931084633
    0.003840711   15.931084633
    0.001291120   16.008907318
    0.003807884   16.008907318
    0.001307852   16.087112427
    0.003759169   16.087112427
    0.001324800   16.165700912
    0.003711077   16.165700912
    0.001336221   16.244668961
    0.003679358   16.244668961
    0.001353537   16.324028015
    0.003632287   16.324028015
    0.001371078   16.403774261
    0.003585819   16.403774261
    0.001388845   16.483903885
    0.003539945   16.483903885
    0.001394819   16.564432144
    0.003524784   16.564432144
    0.001394819   16.645351410
    0.003524784   16.645351410
    0.001400818   16.726667404
    0.003509688   16.726667404
    0.001400818   16.808374405
    0.003494657   16.808374405
    0.001406844   16.890487671
    0.003479691   16.890487671
    0.001406844   16.972999573
    0.003464788   16.972999573
    0.001412895   17.055912018
    0.003449949   17.055912018
    0.001412895   17.139232635
    0.003449949   17.139232635
    0.001412895   17.222955704
    0.003435174   17.222955704
    0.001418972   17.307094574
    0.003420462   17.307094574
    0.001406844   17.391641617
    0.003435174   17.391641617
    0.001400818   17.476598740
    0.003449949   17.476598740
    0.001388845   17.561975479
    0.003479691   17.561975479
    0.001376975   17.647764206
    0.003494657   17.647764206
    0.001371078   17.733976364
    0.003509688   17.733976364
    0.001359359   17.820610046
    0.003539945   17.820610046
    0.001347740   17.907661438
    0.003555170   17.907661438
    0.001341968   17.995143890
    0.003585819   17.995143890
    0.001330498   18.083053589
    0.003601242   18.083053589
    0.001324800   18.171392441
    0.003616731   18.171392441
    0.001319127   18.260158539
    0.003647910   18.260158539
    0.001307852   18.349361420
    0.003663600   18.349361420
    0.001302251   18.439002991
    0.003679358   18.439002991
    0.001296674   18.529075623
    0.003711077   18.529075623
    0.001291120   18.619592667
    0.003727039   18.619592667
    0.001285591   18.710552216
    0.003743069   18.710552216
    0.001280085   18.801952362
    0.003775338   18.801952362
    0.001274603   18.893802643
    0.003791576   18.893802643
    0.001269144   18.986103058
    0.003807884   18.986103058
    0.001263708   19.078847885
    0.003840711   19.078847885
    0.001258296   19.172052383
    0.003840711   19.172052383
    0.001252907   19.265710831
    0.003840711   19.265710831
    0.001247542   19.359827042
    0.003840711   19.359827042
    0.001247542   19.454397202
    0.003840711   19.454397202
    0.001242199   19.549436569
    0.003840711   19.549436569
    0.001236879   19.644939423
    0.003840711   19.644939423
    0.001231582   19.740901947
    0.003840711   19.740901947
    0.001226307   19.837339401
    0.003857230   19.837339401
    0.001221055   19.934244156
    0.003857230   19.934244156
    0.001215826   20.031625748
    0.003857230   20.031625748
    0.001215826   20.129484177
    0.003857230   20.129484177
    0.001215826   20.227815628
    0.003857230   20.227815628
    0.001215826   20.326631546
    0.003857230   20.326631546
    0.001215826   20.425924301
    0.003873821   20.425924301
    0.001221055   20.525709152
    0.003873821   20.525709152
    0.001221055   20.625982285
    0.003873821   20.625982285
    0.001221055   20.726737976
    0.003873821   20.726737976
    0.001221055   20.827991486
    0.003890483   20.827991486
    0.001221055   20.929738998
    0.003890483   20.929738998
    0.001221055   21.031984329
    0.003890483   21.031984329
    0.001226307   21.134723663
    0.003890483   21.134723663
    0.001231582   21.237972260
    0.003873821   21.237972260
    0.001231582   21.341722488
    0.003873821   21.341722488
    0.001236879   21.445974350
    0.003857230   21.445974350
    0.001242199   21.550743103
    0.003857230   21.550743103
    0.001247542   21.656021118
    0.003840711   21.656021118
    0.001252907   21.761810303
    0.003840711   21.761810303
    0.001258296   21.868120193
    0.003824262   21.868120193
    0.001263708   21.974948883
    0.003824262   21.974948883
    0.001269144   22.082294464
    0.003807884   22.082294464
    0.001280085   22.190170288
    0.003791576   22.190170288
    0.001285591   22.298574448
    0.003775338   22.298574448
    0.001296674   22.407506943
    0.003759169   22.407506943
    0.001302251   22.516965866
    0.003727039   22.516965866
    0.001313477   22.626964569
    0.003711077   22.626964569
    0.001324800   22.737501144
    0.003695183   22.737501144
    0.001330498   22.848571777
    0.003663600   22.848571777
    0.001341968   22.960191727
    0.003647910   22.960191727
    0.001353537   23.072349548
    0.003632287   23.072349548
    0.001359359   23.185062408
    0.003616731   23.185062408
    0.001359359   23.298326492
    0.003632287   23.298326492
    0.001353537   23.412136078
    0.003647910   23.412136078
    0.001347740   23.526508331
    0.003679358   23.526508331
    0.001347740   23.641433716
    0.003695183   23.641433716
    0.001341968   23.756925583
    0.003711077   23.756925583
    0.001336221   23.872982025
    0.003743069   23.872982025
    0.001330498   23.989599228
    0.003759169   23.989599228
    0.001330498   24.106792450
    0.003791576   24.106792450
    0.001324800   24.224559784
    0.003807884   24.224559784
    0.001319127   24.342901230
    0.003840711   24.342901230
    0.001313477   24.461812973
    0.003824262   24.461812973
    0.001307852   24.581314087
    0.003807884   24.581314087
    0.001302251   24.701398849
    0.003807884   24.701398849
    0.001296674   24.822061539
    0.003791576   24.822061539
    0.001291120   24.943323135
    0.003791576   24.943323135
    0.001285591   25.065174103
    0.003775338   25.065174103
    0.001274603   25.187616348
    0.003759169   25.187616348
    0.001269144   25.310661316
    0.003759169   25.310661316
    0.001263708   25.434309006
    0.003743069   25.434309006
    0.001258296   25.558553696
    0.003743069   25.558553696
    0.001252907   25.683410645
    0.003759169   25.683410645
    0.001252907   25.808879852
    0.003791576   25.808879852
    0.001247542   25.934961319
    0.003807884   25.934961319
    0.001247542   26.061651230
    0.003840711   26.061651230
    0.001242199   26.188966751
    0.003857230   26.188966751
    0.001236879   26.316904068
    0.003890483   26.316904068
    0.001236879   26.445459366
    0.003924021   26.445459366
    0.001231582   26.574649811
    0.003940899   26.574649811
    0.001231582   26.704473495
    0.003974873   26.704473495
    0.001226307   26.834928513
    0.003991970   26.834928513
    0.001231582   26.966014862
    0.003974873   26.966014862
    0.001231582   27.097747803
    0.003957850   27.097747803
    0.001236879   27.230125427
    0.003940899   27.230125427
    0.001242199   27.363142014
    0.003924021   27.363142014
    0.001247542   27.496816635
    0.003890483   27.496816635
    0.001252907   27.631143570
    0.003873821   27.631143570
    0.001258296   27.766119003
    0.003857230   27.766119003
    0.001263708   27.901762009
    0.003840711   27.901762009
    0.001269144   28.038059235
    0.003807884   28.038059235
    0.001269144   28.175029755
    0.003791576   28.175029755
    0.001274603   28.312669754
    0.003791576   28.312669754
    0.001274603   28.450975418
    0.003791576   28.450975418
    0.001274603   28.589963913
    0.003791576   28.589963913
    0.001280085   28.729621887
    0.003791576   28.729621887
    0.001280085   28.869972229
    0.003791576   28.869972229
    0.001280085   29.011007309
    0.003791576   29.011007309
    0.001285591   29.152723312
    0.003791576   29.152723312
    0.001285591   29.295139313
    0.003791576   29.295139313
    0.001285591   29.438251495
    0.003791576   29.438251495
    0.001285591   29.582054138
    0.003791576   29.582054138
    0.001291120   29.726568222
    0.003807884   29.726568222
    0.001291120   29.871788025
    0.003824262   29.871788025
    0.001291120   30.017717361
    0.003840711   30.017717361
    0.001291120   30.164350510
    0.003857230   30.164350510
    0.001291120   30.311708450
    0.003857230   30.311708450
    0.001291120   30.459787369
    0.003873821   30.459787369
    0.001296674   30.608579636
    0.003890483   30.608579636
    0.001296674   30.758108139
    0.003907216   30.758108139
    0.001296674   30.908367157
    0.003924021   30.908367157
    0.001296674   31.059360504
    0.003940899   31.059360504
    0.001296674   31.211082458
    0.003907216   31.211082458
    0.001291120   31.363554001
    0.003890483   31.363554001
    0.001291120   31.516771317
    0.003857230   31.516771317
    0.001291120   31.670726776
    0.003840711   31.670726776
    0.001285591   31.825445175
    0.003824262   31.825445175
    0.001285591   31.980916977
    0.003791576   31.980916977
    0.001285591   32.137142181
    0.003775338   32.137142181
    0.001280085   32.294136047
    0.003743069   32.294136047
    0.001280085   32.451889038
    0.003727039   32.451889038
    0.001274603   32.610424042
    0.003695183   32.610424042
    0.001274603   32.769733429
    0.003727039   32.769733429
    0.001274603   32.929809570
    0.003743069   32.929809570
    0.001274603   33.090675354
    0.003775338   33.090675354
    0.001274603   33.252323151
    0.003807884   33.252323151
    0.001269144   33.414764404
    0.003840711   33.414764404
    0.001269144   33.578002930
    0.003857230   33.578002930
    0.001269144   33.742027283
    0.003890483   33.742027283
    0.001269144   33.906864166
    0.003924021   33.906864166
    0.001269144   34.072505951
    0.003957850   34.072505951
    0.001263708   34.238945007
    0.003974873   34.238945007
    0.001263708   34.406208038
    0.003974873   34.406208038
    0.001263708   34.574291229
    0.003957850   34.574291229
    0.001258296   34.743190765
    0.003940899   34.743190765
    0.001252907   34.912910461
    0.003924021   34.912910461
    0.001252907   35.083465576
    0.003907216   35.083465576
    0.001247542   35.254852295
    0.003890483   35.254852295
    0.001247542   35.427070618
    0.003873821   35.427070618
    0.001242199   35.600139618
    0.003857230   35.600139618
    0.001242199   35.774040222
    0.003840711   35.774040222
    0.001236879   35.948802948
    0.003824262   35.948802948
    0.001242199   36.124420166
    0.003824262   36.124420166
    0.001247542   36.300884247
    0.003840711   36.300884247
    0.001252907   36.478221893
    0.003840711   36.478221893
    0.001258296   36.656414032
    0.003857230   36.656414032
    0.001263708   36.835487366
    0.003857230   36.835487366
    0.001269144   37.015434265
    0.003873821   37.015434265
    0.001274603   37.196250916
    0.003873821   37.196250916
    0.001280085   37.377964020
    0.003890483   37.377964020
    0.001285591   37.560562134
    0.003890483   37.560562134
    0.001291120   37.744049072
    0.003907216   37.744049072
    0.001291120   37.928428650
    0.003890483   37.928428650
    0.001291120   38.113712311
    0.003873821   38.113712311
    0.001291120   38.299907684
    0.003873821   38.299907684
    0.001291120   38.486999512
    0.003857230   38.486999512
    0.001291120   38.675014496
    0.003840711   38.675014496
    0.001291120   38.863948822
    0.003824262   38.863948822
    0.001291120   39.053794861
    0.003824262   39.053794861
    0.001285591   39.244579315
    0.003807884   39.244579315
    0.001285591   39.436298370
    0.003791576   39.436298370
    0.001285591   39.628940582
    0.003775338   39.628940582
    0.001280085   39.822532654
    0.003791576   39.822532654
    0.001274603   40.017074585
    0.003807884   40.017074585
    0.001269144   40.212566376
    0.003807884   40.212566376
    0.001263708   40.409000397
    0.003824262   40.409000397
    0.001258296   40.606403351
    0.003840711   40.606403351
    0.001252907   40.804775238
    0.003857230   40.804775238
    0.001247542   41.004100800
    0.003857230   41.004100800
    0.001236879   41.204414368
    0.003873821   41.204414368
    0.001231582   41.405704498
    0.003890483   41.405704498
    0.001226307   41.607978821
    0.003890483   41.607978821
    0.001231582   41.811229706
    0.003890483   41.811229706
    0.001242199   42.015487671
    0.003890483   42.015487671
    0.001247542   42.220737457
    0.003890483   42.220737457
    0.001258296   42.426982880
    0.003890483   42.426982880
    0.001263708   42.634246826
    0.003890483   42.634246826
    0.001274603   42.842521667
    0.003890483   42.842521667
    0.001280085   43.051803589
    0.003890483   43.051803589
    0.001291120   43.262119293
    0.003890483   43.262119293
    0.001302251   43.473453522
    0.003890483   43.473453522
    0.001307852   43.685829163
    0.003890483   43.685829163
    0.001307852   43.899242401
    0.003873821   43.899242401
    0.001302251   44.113685608
    0.003840711   44.113685608
    0.001302251   44.329189301
    0.003824262   44.329189301
    0.001296674   44.545730591
    0.003791576   44.545730591
    0.001296674   44.763343811
    0.003775338   44.763343811
    0.001291120   44.982021332
    0.003743069   44.982021332
    0.001291120   45.201755524
    0.003711077   45.201755524
    0.001285591   45.422573090
    0.003695183   45.422573090
    0.001285591   45.644470215
    0.003663600   45.644470215
    0.001280085   45.867439270
    0.003647910   45.867439270
    0.001280085   46.091510773
    0.003679358   46.091510773
    0.001280085   46.316677094
    0.003711077   46.316677094
    0.001280085   46.542942047
    0.003743069   46.542942047
    0.001280085   46.770298004
    0.003775338   46.770298004
    0.001280085   46.998783112
    0.003807884   46.998783112
    0.001280085   47.228378296
    0.003840711   47.228378296
    0.001280085   47.459083557
    0.003873821   47.459083557
    0.001280085   47.690929413
    0.003907216   47.690929413
    0.001280085   47.923908234
    0.003940899   47.923908234
    0.001280085   48.158027649
    0.003974873   48.158027649
    0.001280085   48.393276215
    0.003957850   48.393276215
    0.001280085   48.629684448
    0.003957850   48.629684448
    0.001280085   48.867248535
    0.003957850   48.867248535
    0.001280085   49.105960846
    0.003940899   49.105960846
    0.001280085   49.345851898
    0.003940899   49.345851898
    0.001280085   49.586914062
    0.003924021   49.586914062
    0.001280085   49.829143524
    0.003924021   49.829143524
    0.001280085   50.072566986
    0.003907216   50.072566986
    0.001280085   50.317169189
    0.003907216   50.317169189
    0.001280085   50.562976837
    0.003890483   50.562976837
    0.001280085   50.809986115
    0.003890483   50.809986115
    0.001274603   51.058185577
    0.003907216   51.058185577
    0.001274603   51.307617188
    0.003907216   51.307617188
    0.001274603   51.558246613
    0.003907216   51.558246613
    0.001269144   51.810119629
    0.003907216   51.810119629
    0.001269144   52.063220978
    0.003924021   52.063220978
    0.001263708   52.317546844
    0.003924021   52.317546844
    0.001263708   52.573127747
    0.003924021   52.573127747
    0.001258296   52.829956055
    0.003924021   52.829956055
    0.001258296   53.088024139
    0.003940899   53.088024139
    0.001258296   53.347370148
    0.003924021   53.347370148
    0.001263708   53.607982635
    0.003907216   53.607982635
    0.001263708   53.869865417
    0.003890483   53.869865417
    0.001269144   54.133014679
    0.003873821   54.133014679
    0.001274603   54.397464752
    0.003857230   54.397464752
    0.001274603   54.663204193
    0.003857230   54.663204193
    0.001280085   54.930229187
    0.003840711   54.930229187
    0.001280085   55.198574066
    0.003824262   55.198574066
    0.001285591   55.468231201
    0.003807884   55.468231201
    0.001291120   55.739200592
    0.003791576   55.739200592
    0.001291120   56.011482239
    0.003791576   56.011482239
    0.001285591   56.285110474
    0.003791576   56.285110474
    0.001285591   56.560070038
    0.003791576   56.560070038
    0.001285591   56.836360931
    0.003791576   56.836360931
    0.001285591   57.114017487
    0.003791576   57.114017487
    0.001280085   57.393032074
    0.003791576   57.393032074
    0.001280085   57.673389435
    0.003791576   57.673389435
    0.001280085   57.955135345
    0.003791576   57.955135345
    0.001280085   58.238239288
    0.003791576   58.238239288
    0.001274603   58.522743225
    0.003791576   58.522743225
    0.001274603   58.808639526
    0.003791576   58.808639526
    0.001274603   59.095912933
    0.003807884   59.095912933
    0.001274603   59.384609222
    0.003807884   59.384609222
    0.001274603   59.674694061
    0.003824262   59.674694061
    0.001274603   59.966217041
    0.003824262   59.966217041
    0.001274603   60.259162903
    0.003840711   60.259162903
    0.001274603   60.553524017
    0.003840711   60.553524017
    0.001274603   60.849338531
    0.003857230   60.849338531
    0.001274603   61.146598816
    0.003857230   61.146598816
    0.001274603   61.445293427
    0.003873821   61.445293427
    0.001274603   61.745464325
    0.003890483   61.745464325
    0.001274603   62.047103882
    0.003907216   62.047103882
    0.001269144   62.350215912
    0.003924021   62.350215912
    0.001269144   62.654788971
    0.003940899   62.654788971
    0.001269144   62.960868835
    0.003940899   62.960868835
    0.001263708   63.268444061
    0.003957850   63.268444061
    0.001263708   63.577503204
    0.003974873   63.577503204
    0.001263708   63.888092041
    0.003991970   63.888092041
    0.001258296   64.200195312
    0.004009140   64.200195312
    0.001258296   64.513824463
    0.004026384   64.513824463
    0.001258296   64.828971863
    0.004026384   64.828971863
    0.001263708   65.145675659
    0.004009140   65.145675659
    0.001263708   65.463920593
    0.003991970   65.463920593
    0.001263708   65.783706665
    0.003991970   65.783706665
    0.001263708   66.105072021
    0.003974873   66.105072021
    0.001269144   66.428009033
    0.003974873   66.428009033
    0.001269144   66.752502441
    0.003957850   66.752502441
    0.001269144   67.078598022
    0.003957850   67.078598022
    0.001269144   67.406272888
    0.003940899   67.406272888
    0.001274603   67.735565186
    0.003924021   67.735565186
    0.001274603   68.066467285
    0.003924021   68.066467285
    0.001274603   68.398963928
    0.003924021   68.398963928
    0.001274603   68.733100891
    0.003924021   68.733100891
    0.001280085   69.068855286
    0.003907216   69.068855286
    0.001280085   69.406272888
    0.003907216   69.406272888
    0.001280085   69.745330811
    0.003907216   69.745330811
    0.001285591   70.086036682
    0.003907216   70.086036682
    0.001285591   70.428413391
    0.003890483   70.428413391
    0.001285591   70.772468567
    0.003890483   70.772468567
    0.001285591   71.118186951
    0.003890483   71.118186951
    0.001285591   71.465614319
    0.003890483   71.465614319
    0.001280085   71.814735413
    0.003890483   71.814735413
    0.001274603   72.165565491
    0.003890483   72.165565491
    0.001274603   72.518089294
    0.003873821   72.518089294
    0.001269144   72.872352600
    0.003873821   72.872352600
    0.001263708   73.228347778
    0.003873821   73.228347778
    0.001263708   73.586059570
    0.003873821   73.586059570
    0.001258296   73.945541382
    0.003873821   73.945541382
    0.001252907   74.306777954
    0.003873821   74.306777954
    0.001252907   74.669776917
    0.003873821   74.669776917
    0.001252907   75.034530640
    0.003890483   75.034530640
    0.001252907   75.401092529
    0.003907216   75.401092529
    0.001252907   75.769439697
    0.003924021   75.769439697
    0.001258296   76.139564514
    0.003940899   76.139564514
    0.001258296   76.511520386
    0.003957850   76.511520386
    0.001258296   76.885292053
    0.003974873   76.885292053
    0.001263708   77.260871887
    0.003991970   77.260871887
    0.001263708   77.638305664
    0.004009140   77.638305664
    0.001263708   78.017562866
    0.004026384   78.017562866
    0.001263708   78.398689270
    0.004043702   78.398689270
    0.001263708   78.781684875
    0.004026384   78.781684875
    0.001263708   79.166519165
    0.004026384   79.166519165
    0.001263708   79.553268433
    0.004009140   79.553268433
    0.001263708   79.941879272
    0.003991970   79.941879272
    0.001269144   80.332405090
    0.003991970   80.332405090
    0.001269144   80.724845886
    0.003974873   80.724845886
    0.001269144   81.119178772
    0.003974873   81.119178772
    0.001269144   81.515457153
    0.003957850   81.515457153
    0.001269144   81.913681030
    0.003940899   81.913681030
    0.001269144   82.313819885
    0.003940899   82.313819885
    0.001269144   82.715934753
    0.003924021   82.715934753
    0.001269144   83.120018005
    0.003907216   83.120018005
    0.001269144   83.526077271
    0.003890483   83.526077271
    0.001269144   83.934089661
    0.003890483   83.934089661
    0.001274603   84.344123840
    0.003873821   84.344123840
    0.001274603   84.756164551
    0.003857230   84.756164551
    0.001274603   85.170188904
    0.003840711   85.170188904
    0.001274603   85.586257935
    0.003824262   85.586257935
    0.001274603   86.004364014
    0.003824262   86.004364014
    0.001274603   86.424507141
    0.003807884   86.424507141
    0.001280085   86.846687317
    0.003807884   86.846687317
    0.001280085   87.270950317
    0.003807884   87.270950317
    0.001280085   87.697280884
    0.003807884   87.697280884
    0.001280085   88.125671387
    0.003824262   88.125671387
    0.001280085   88.556182861
    0.003824262   88.556182861
    0.001285591   88.988800049
    0.003824262   88.988800049
    0.001285591   89.423500061
    0.003824262   89.423500061
    0.001285591   89.860351562
    0.003840711   89.860351562
    0.001285591   90.299308777
    0.003840711   90.299308777
    0.001285591   90.740440369
    0.003840711   90.740440369
    0.001285591   91.183723450
    0.003840711   91.183723450
    0.001291120   91.629142761
    0.003840711   91.629142761
    0.001291120   92.076766968
    0.003840711   92.076766968
    0.001291120   92.526557922
    0.003857230   92.526557922
    0.001291120   92.978561401
    0.003857230   92.978561401
    0.001291120   93.432785034
    0.003857230   93.432785034
    0.001291120   93.889190674
    0.003857230   93.889190674
    0.001291120   94.347854614
    0.003857230   94.347854614
    0.001291120   94.808761597
    0.003857230   94.808761597
    0.001291120   95.271896362
    0.003857230   95.271896362
    0.001291120   95.737312317
    0.003873821   95.737312317
    0.001291120   96.205009460
    0.003873821   96.205009460
    0.001291120   96.674987793
    0.003873821   96.674987793
    0.001291120   97.147239685
    0.003873821   97.147239685
    0.001291120   97.621818542
    0.003890483   97.621818542
    0.001285591   98.087326050
    0.003890483   98.087326050
    0.001285591   98.555084229
    0.003890483   98.555084229
    0.001285591   99.025047302
    0.003907216   99.025047302
    0.001285591   99.497253418
    0.003907216   99.497253418
    0.001285591   99.971733093
    0.003907216   99.971733093
    0.001285591  100.448417664
    0.003907216  100.448417664
    0.001285591  100.927436829
    0.003907216  100.927436829
    0.001285591  101.408737183
    0.003907216  101.408737183
    0.001285591  101.892280579
    0.003907216  101.892280579
