    0.970626831    0.027563890
    0.958209395    0.027698545
    0.950019479    0.027833859
    0.941899538    0.027969824
    0.933849037    0.028106460
    0.921902120    0.028243767
    0.914022505    0.028381735
    0.906210244    0.028520385
    0.898464799    0.028659711
    0.886970520    0.028799711
    0.879389524    0.028940404
    0.871873260    0.029081782
    0.860719204    0.029223844
    0.853362560    0.029366609
    0.846068799    0.029510070
    0.838837385    0.029654231
    0.831667721    0.029799089
    0.821028054    0.029944664
    0.814010620    0.030090949
    0.807053149    0.030237939
    0.800155163    0.030385658
    0.789918602    0.030534096
    0.783167064    0.030683262
    0.776473284    0.030833146
    0.766539693    0.030983772
    0.759988010    0.031135133
    0.753492296    0.031287227
    0.747052133    0.031440068
    0.737494946    0.031593658
    0.731191456    0.031747993
    0.724941909    0.031903088
    0.715667546    0.032058928
    0.709550738    0.032215543
    0.703486085    0.032372922
    0.697473347    0.032531060
    0.688550413    0.032689981
    0.682665288    0.032849669
    0.676830471    0.033010144
    0.671045542    0.033171404
    0.665310025    0.033333443
    0.656798542    0.033496283
    0.651184857    0.033659913
    0.645619094    0.033824347
    0.640100956    0.033989582
    0.631911993    0.034155618
    0.626510978    0.034322474
    0.621156096    0.034490138
    0.615846992    0.034658629
    0.610583305    0.034827944
    0.602771997    0.034998074
    0.597620010    0.035169046
    0.592512131    0.035340853
    0.584931970    0.035513490
    0.579932511    0.035686977
    0.574975729    0.035861317
    0.570061386    0.036036506
    0.565189004    0.036212541
    0.557958424    0.036389444
    0.553189456    0.036567215
    0.548461318    0.036745843
    0.543773532    0.036925353
    0.536816955    0.037105739
    0.532228708    0.037287008
    0.527679682    0.037469149
    0.523169577    0.037652194
    0.516476572    0.037836131
    0.512062192    0.038020957
    0.507685542    0.038206697
    0.503346264    0.038393345
    0.496906877    0.038580891
    0.492659748    0.038769364
    0.488448948    0.038958762
    0.482200116    0.039149072
    0.478078693    0.039340321
    0.473992497    0.039532505
    0.469941258    0.039725628
    0.463929176    0.039919686
    0.459963948    0.040114701
    0.456032574    0.040310670
    0.450198442    0.040507581
    0.446350574    0.040705469
    0.442535549    0.040904310
    0.436874062    0.041104134
    0.433140069    0.041304938
    0.429437965    0.041506708
    0.423944086    0.041709475
    0.420320600    0.041913223
    0.416728079    0.042117976
    0.413166255    0.042323731
    0.409634888    0.042530477
    0.404394299    0.042738248
    0.400937915    0.042947032
    0.397511035    0.043156836
    0.392425597    0.043367650
    0.389071494    0.043579511
    0.385746092    0.043792404
    0.970626831    0.043792404
    0.382449090    0.044006325
    0.962330759    0.044006325
    0.379180253    0.044221304
    0.954105616    0.044221304
    0.374329329    0.044437334
    0.941899538    0.044437334
    0.371129870    0.044654407
    0.933849037    0.044654407
    0.367957771    0.044872552
    0.925867319    0.044872552
    0.364812791    0.045091763
    0.917953849    0.045091763
    0.360145688    0.045312032
    0.910108030    0.045312032
    0.357067466    0.045533389
    0.898464799    0.045533389
    0.354015589    0.045755826
    0.890785515    0.045755826
    0.350989789    0.045979351
    0.879389524    0.045979351
    0.346499473    0.046203956
    0.871873260    0.046203956
    0.343537927    0.046429671
    0.860719204    0.046429671
    0.340601653    0.046656489
    0.853362560    0.046656489
    0.337690502    0.046884403
    0.846068799    0.046884403
    0.333370358    0.047113441
    0.838837385    0.047113441
    0.330521017    0.047343586
    0.831667721    0.047343586
    0.327696025    0.047574867
    0.824559391    0.047574867
    0.323503733    0.047807280
    0.814010620    0.047807280
    0.320738703    0.048040811
    0.807053149    0.048040811
    0.317997336    0.048275501
    0.796728313    0.048275501
    0.315279365    0.048511323
    0.789918602    0.048511323
    0.311245918    0.048748307
    0.779812992    0.048748307
    0.308585674    0.048986454
    0.773147881    0.048986454
    0.305948168    0.049225748
    0.766539693    0.049225748
    0.303333193    0.049466223
    0.759988010    0.049466223
    0.299452603    0.049707875
    0.753492296    0.049707875
    0.296893150    0.049950708
    0.747052133    0.049950708
    0.294355571    0.050194710
    0.737494946    0.050194710
    0.290589809    0.050439920
    0.728060007    0.050439920
    0.288106114    0.050686330
    0.721837163    0.050686330
    0.285643637    0.050933927
    0.715667546    0.050933927
    0.283202201    0.051182751
    0.706511915    0.051182751
    0.279579133    0.051432785
    0.700473249    0.051432785
    0.277189553    0.051684029
    0.694486260    0.051684029
    0.273643374    0.051936515
    0.688550413    0.051936515
    0.271304518    0.052190237
    0.682665288    0.052190237
    0.268985659    0.052445181
    0.676830471    0.052445181
    0.266686589    0.052701384
    0.668171585    0.052701384
    0.263274819    0.052958839
    0.659623563    0.052958839
    0.261024594    0.053217553
    0.653985679    0.053217553
    0.258793592    0.053477515
    0.648396015    0.053477515
    0.256581634    0.053738765
    0.640100956    0.053738765
    0.253299147    0.054001287
    0.634629905    0.054001287
    0.251134187    0.054265078
    0.629205704    0.054265078
    0.248987734    0.054530174
    0.623827815    0.054530174
    0.246859610    0.054796547
    0.618495822    0.054796547
    0.243701473    0.055064239
    0.613209486    0.055064239
    0.241618499    0.055333238
    0.605364561    0.055333238
    0.239553362    0.055603534
    0.600190461    0.055603534
    0.237505883    0.055875167
    0.592512131    0.055875167
    0.235475898    0.056148112
    0.587447822    0.056148112
    0.232463405    0.056422409
    0.582426846    0.056422409
    0.230476514    0.056698039
    0.574975729    0.056698039
    0.228506610    0.056975007
    0.570061386    0.056975007
    0.225583270    0.057253338
    0.565189004    0.057253338
    0.223655194    0.057533033
    0.560358286    0.057533033
    0.221743584    0.057814091
    0.555568814    0.057814091
    0.219848320    0.058096506
    0.548461318    0.058096506
    0.217969254    0.058380321
    0.543773532    0.058380321
    0.215180725    0.058665518
    0.536816955    0.058665518
    0.213341549    0.058952093
    0.532228708    0.058952093
    0.211518109    0.059240084
    0.527679682    0.059240084
    0.209710240    0.059529483
    0.523169577    0.059529483
    0.207027361    0.059820279
    0.516476572    0.059820279
    0.205257878    0.060112514
    0.512062192    0.060112514
    0.203503519    0.060406171
    0.507685542    0.060406171
    0.200900063    0.060701251
    0.503346264    0.060701251
    0.199182943    0.060997788
    0.499044120    0.060997788
    0.197480515    0.061295774
    0.492659748    0.061295774
    0.195792630    0.061595213
    0.488448948    0.061595213
    0.194119170    0.061896101
    0.482200116    0.061896101
    0.191635758    0.062198475
    0.478078693    0.062198475
    0.189997822    0.062502325
    0.473992497    0.062502325
    0.188373893    0.062807642
    0.469941258    0.062807642
    0.185963988    0.063114472
    0.463929176    0.063114472
    0.184374541    0.063422777
    0.461942315    0.063422777
    0.182798669    0.063732609
    0.456032574    0.063732609
    0.180460081    0.064043954
    0.452134818    0.064043954
    0.178917676    0.064356804
    0.446350574    0.064356804
    0.177388445    0.064671196
    0.442535549    0.064671196
    0.175872296    0.064987108
    0.438753128    0.064987108
    0.173622310    0.065304585
    0.433140069    0.065304585
    0.172138348    0.065623611
    0.429437965    0.065623611
    0.170667067    0.065944172
    0.425767511    0.065944172
    0.168483689    0.066266321
    0.422128439    0.066266321
    0.167043641    0.066590048
    0.418520480    0.066590048
    0.165615901    0.066915348
    0.414943337    0.066915348
    0.163497135    0.067242227
    0.409634888    0.067242227
    0.162099719    0.067570716
    0.406133652    0.067570716
    0.160714224    0.067900814
    0.400937915    0.067900814
    0.159340590    0.068232499
    0.397511035    0.068232499
    0.157978684    0.068565831
    0.394113481    0.068565831
    0.155957639    0.068900786
    0.389071494    0.068900786
    0.154624641    0.069237359
    0.385746092    0.069237359
    0.153303057    0.069575593
    0.382449090    0.069575593
    0.151341811    0.069915488
    0.379180253    0.069915488
    0.150048286    0.070257016
    0.375939369    0.070257016
    0.148765802    0.070600234
    0.372726142    0.070600234
    0.147494286    0.070945129
    0.367957771    0.070945129
    0.146233633    0.071291707
    0.364812791    0.071291707
    0.144362822    0.071639962
    0.360145688    0.071639962
    0.143128932    0.071989939
    0.357067466    0.071989939
    0.141905606    0.072341621
    0.354015589    0.072341621
    0.140692711    0.072695002
    0.349486589    0.072695002
    0.138892800    0.073050134
    0.346499473    0.073050134
    0.137705669    0.073406994
    0.343537927    0.073406994
    0.136528686    0.073765598
    0.342066646    0.073765598
    0.135361761    0.074125938
    0.337690502    0.074125938
    0.134204820    0.074488059
    0.333370358    0.074488059
    0.132487908    0.074851945
    0.330521017    0.074851945
    0.131355524    0.075217590
    0.327696025    0.075217590
    0.130232811    0.075585037
    0.323503733    0.075585037
    0.129119694    0.075954288
    0.320738703    0.075954288
    0.127467841    0.076325320
    0.317997336    0.076325320
    0.126378357    0.076698177
    0.315279365    0.076698177
    0.125298187    0.077072844
    0.312584639    0.077072844
    0.123695225    0.077449359
    0.309912950    0.077449359
    0.122637987    0.077827714
    0.305948168    0.077827714
    0.121589787    0.078207895
    0.303333193    0.078207895
    0.120550551    0.078589953
    0.299452603    0.078589953
    0.119520187    0.078973860
    0.296893150    0.078973860
    0.117991142    0.079359658
    0.294355571    0.079359658
    0.116982661    0.079747342
    0.290589809    0.079747342
    0.115982801    0.080136903
    0.288106114    0.080136903
    0.114499003    0.080528386
    0.285643637    0.080528386
    0.113520369    0.080921784
    0.283202201    0.080921784
    0.112550102    0.081317075
    0.280781657    0.081317075
    0.111588120    0.081714325
    0.277189553    0.081714325
    0.110160552    0.082113512
    0.274820358    0.082113512
    0.109219000    0.082514651
    0.271304518    0.082514651
    0.108285494    0.082917728
    0.268985659    0.082917728
    0.107359968    0.083322801
    0.266686589    0.083322801
    0.105986483    0.083729848
    0.264407188    0.083729848
    0.105080612    0.084138855
    0.261024594    0.084138855
    0.104182474    0.084549889
    0.258793592    0.084549889
    0.102849633    0.084962934
    0.256581634    0.084962934
    0.101970568    0.085377991
    0.254388601    0.085377991
    0.101099014    0.085795052
    0.252214372    0.085795052
    0.099805631    0.086214177
    0.248987734    0.086214177
    0.098952584    0.086635351
    0.246859610    0.086635351
    0.098106824    0.087058559
    0.243701473    0.087058559
    0.097268298    0.087483853
    0.241618499    0.087483853
    0.096436933    0.087911226
    0.239553362    0.087911226
    0.095203198    0.088340670
    0.237505883    0.088340670
    0.094389483    0.088772230
    0.235475898    0.088772230
    0.093582727    0.089205869
    0.233463258    0.089205869
    0.092385501    0.089641660
    0.231467828    0.089641660
    0.091595873    0.090079576
    0.228506610    0.090079576
    0.090812996    0.090519607
    0.226553530    0.090519607
    0.090036809    0.090961806
    0.223655194    0.090961806
    0.089267254    0.091406152
    0.221743584    0.091406152
    0.088504277    0.091852687
    0.218906775    0.091852687
    0.087372027    0.092301399
    0.217035756    0.092301399
    0.086625248    0.092752285
    0.215180725    0.092752285
    0.085884854    0.093205392
    0.213341549    0.093205392
    0.085150786    0.093660720
    0.211518109    0.093660720
    0.084061429    0.094118245
    0.209710240    0.094118245
    0.083342955    0.094578028
    0.207027361    0.094578028
    0.082630612    0.095040061
    0.205257878    0.095040061
    0.081924357    0.095504351
    0.203503519    0.095504351
    0.081224144    0.095970877
    0.200900063    0.095970877
    0.080185026    0.096439712
    0.199182943    0.096439712
    0.079499677    0.096910842
    0.197480515    0.096910842
    0.078820184    0.097384237
    0.194954097    0.097384237
    0.077811822    0.097859979
    0.193287805    0.097859979
    0.077146754    0.098338045
    0.191635758    0.098338045
    0.076487370    0.098818414
    0.189997822    0.098818414
    0.075833626    0.099301159
    0.188373893    0.099301159
    0.074863471    0.099786267
    0.185963988    0.099786267
    0.074223608    0.100273713
    0.184374541    0.100273713
    0.073589206    0.100763567
    0.182015792    0.100763567
    0.072960235    0.101255797
    0.180460081    0.101255797
    0.072336636    0.101750441
    0.178917676    0.101750441
    0.071411215    0.102247506
    0.177388445    0.102247506
    0.070800856    0.102746993
    0.175119072    0.102746993
    0.070195720    0.103248917
    0.173622310    0.103248917
    0.069297686    0.103753306
    0.172878742    0.103753306
    0.068705395    0.104260147
    0.170667067    0.104260147
    0.068118162    0.104769461
    0.168483689    0.104769461
    0.067535952    0.105281264
    0.167043641    0.105281264
    0.066671945    0.105795585
    0.165615901    0.105795585
    0.066102095    0.106312394
    0.163497135    0.106312394
    0.065537117    0.106831737
    0.162099719    0.106831737
    0.064976960    0.107353628
    0.160714224    0.107353628
    0.064145699    0.107878059
    0.159340590    0.107878059
    0.063597441    0.108405061
    0.157978684    0.108405061
    0.062783822    0.108934626
    0.156628430    0.108934626
    0.062247202    0.109466776
    0.154624641    0.109466776
    0.061715171    0.110001542
    0.153303057    0.110001542
    0.061187685    0.110538900
    0.151341811    0.110538900
    0.060664706    0.111078903
    0.150048286    0.111078903
    0.060146198    0.111621529
    0.148128688    0.111621529
    0.059376735    0.112166807
    0.146862611    0.112166807
    0.058869235    0.112714760
    0.145607367    0.112714760
    0.058366075    0.113265380
    0.144362822    0.113265380
    0.057867214    0.113818683
    0.143128932    0.113818683
    0.057126906    0.114374690
    0.141905606    0.114374690
    0.056638636    0.114933431
    0.140692711    0.114933431
    0.056154542    0.115494892
    0.138892800    0.115494892
    0.055674583    0.116059087
    0.137705669    0.116059087
    0.055198725    0.116626054
    0.135943979    0.116626054
    0.054492556    0.117195778
    0.134782046    0.117195778
    0.054026805    0.117768288
    0.133630052    0.117768288
    0.053565029    0.118343607
    0.132487908    0.118343607
    0.053107206    0.118921719
    0.130792961    0.118921719
    0.052427795    0.119502671
    0.129675061    0.119502671
    0.051979687    0.120086446
    0.128566712    0.120086446
    0.051535413    0.120673075
    0.127467841    0.120673075
    0.051094934    0.121262588
    0.125837117    0.121262588
    0.050658219    0.121854961
    0.124761574    0.121854961
    0.050010137    0.122450240
    0.123695225    0.122450240
    0.049582697    0.123048417
    0.122112766    0.123048417
    0.049158908    0.123649515
    0.121069051    0.123649515
    0.048738740    0.124253564
    0.120034263    0.124253564
    0.048322167    0.124860547
    0.119008318    0.124860547
    0.047703970    0.125470504
    0.117991142    0.125470504
    0.047296241    0.126083449
    0.116982661    0.126083449
    0.046891995    0.126699373
    0.115486078    0.126699373
    0.046491206    0.127318293
    0.114499003    0.127318293
    0.045896433    0.127940252
    0.113034196    0.127940252
    0.045504149    0.128565267
    0.112068079    0.128565267
    0.045115221    0.129193306
    0.111110225    0.129193306
    0.044729616    0.129824430
    0.109688766    0.129824430
    0.044347309    0.130458638
    0.108751245    0.130458638
    0.043779965    0.131095931
    0.107821733    0.131095931
    0.043405760    0.131736353
    0.106900170    0.131736353
    0.043034766    0.132379889
    0.105986483    0.132379889
    0.042484213    0.133026585
    0.104630575    0.133026585
    0.042121097    0.133676425
    0.103736289    0.133676425
    0.041761085    0.134329438
    0.102849633    0.134329438
    0.041404147    0.134985670
    0.101533853    0.134985670
    0.041050263    0.135645077
    0.100666031    0.135645077
    0.040525097    0.136307701
    0.099378191    0.136307701
    0.040178727    0.136973590
    0.098528795    0.136973590
    0.039835315    0.137642711
    0.097686663    0.137642711
    0.039325692    0.138315111
    0.096851721    0.138315111
    0.038989570    0.138990805
    0.096023925    0.138990805
    0.038656324    0.139669776
    0.095203198    0.139669776
    0.038325936    0.140352070
    0.093985237    0.140352070
    0.037835624    0.141037703
    0.093181938    0.141037703
    0.037512239    0.141726688
    0.091989845    0.141726688
    0.037191618    0.142419025
    0.091203593    0.142419025
    0.036873735    0.143114761
    0.090424068    0.143114761
    0.036558565    0.143813893
    0.089651205    0.143813893
    0.036090862    0.144516438
    0.088504277    0.144516438
    0.035782389    0.145222425
    0.087747820    0.145222425
    0.035476554    0.145931840
    0.087372027    0.145931840
    0.035173330    0.146644726
    0.086254254    0.146644726
    0.034872703    0.147361115
    0.085150786    0.147361115
    0.034426566    0.148080975
    0.084422991    0.148080975
    0.034132320    0.148804381
    0.083701424    0.148804381
    0.033840589    0.149531290
    0.082630612    0.149531290
    0.033551350    0.150261760
    0.081924357    0.150261760
    0.033264581    0.150995821
    0.081224144    0.150995821
    0.032839023    0.151733443
    0.080529913    0.151733443
    0.032558344    0.152474687
    0.079841614    0.152474687
    0.032280065    0.153219521
    0.079159200    0.153219521
    0.032004163    0.153968006
    0.078146502    0.153968006
    0.031730618    0.154720172
    0.077478573    0.154720172
    0.031459413    0.155475989
    0.076487370    0.155475989
    0.031056948    0.156235516
    0.075833626    0.156235516
    0.030791501    0.156998739
    0.075185470    0.156998739
    0.030528322    0.157765672
    0.074223608    0.157765672
    0.030267393    0.158536375
    0.073589206    0.158536375
    0.029880177    0.159310848
    0.072960235    0.159310848
    0.029624788    0.160089090
    0.072336636    0.160089090
    0.029371582    0.160871133
    0.071718365    0.160871133
    0.029120540    0.161656991
    0.071105383    0.161656991
    0.028871644    0.162446693
    0.070195720    0.162446693
    0.028624875    0.163240284
    0.069595747    0.163240284
    0.028258670    0.164037719
    0.068705395    0.164037719
    0.028017141    0.164839044
    0.068118162    0.164839044
    0.027777676    0.165644288
    0.067535952    0.165644288
    0.027540257    0.166453496
    0.066958711    0.166453496
    0.027187929    0.167266622
    0.066102095    0.167266622
    0.026955551    0.168083757
    0.065537117    0.168083757
    0.026725158    0.168904856
    0.064976960    0.168904856
    0.026496736    0.169729963
    0.064421594    0.169729963
    0.026157757    0.170559123
    0.063597441    0.170559123
    0.025934184    0.171392307
    0.063053861    0.171392307
    0.025712522    0.172229588
    0.062247202    0.172229588
    0.025492756    0.173070937
    0.061715171    0.173070937
    0.025274865    0.173916399
    0.061187685    0.173916399
    0.024951519    0.174766004
    0.060664706    0.174766004
    0.024738256    0.175619751
    0.059888609    0.175619751
    0.024526816    0.176477656
    0.059376735    0.176477656
    0.024317183    0.177339762
    0.059122439    0.177339762
    0.024006087    0.178206101
    0.058366075    0.178206101
    0.023800906    0.179076642
    0.057619385    0.179076642
    0.023597477    0.179951444
    0.057126906    0.179951444
    0.023395786    0.180830538
    0.056638636    0.180830538
    0.023195820    0.181713894
    0.055914048    0.181713894
    0.022997564    0.182601586
    0.055436142    0.182601586
    0.022703350    0.183493629
    0.054962326    0.183493629
    0.022509303    0.184389994
    0.054492556    0.184389994
    0.022316914    0.185290754
    0.054026805    0.185290754
    0.022126168    0.186195925
    0.053565029    0.186195925
    0.021937054    0.187105507
    0.052879762    0.187105507
    0.021749556    0.188019514
    0.052427795    0.188019514
    0.021563660    0.188938007
    0.051757071    0.188938007
    0.021287791    0.189861000
    0.051314700    0.189861000
    0.021105843    0.190788478
    0.050876107    0.190788478
    0.020925444    0.191720486
    0.050225239    0.191720486
    0.020746591    0.192657083
    0.049795959    0.192657083
    0.020569269    0.193598211
    0.049370348    0.193598211
    0.020306122    0.194543973
    0.048948374    0.194543973
    0.020132562    0.195494339
    0.048530009    0.195494339
    0.019960493    0.196449339
    0.047909152    0.196449339
    0.019789888    0.197409019
    0.047499668    0.197409019
    0.019620743    0.198373377
    0.047093686    0.198373377
    0.019453041    0.199342459
    0.046491206    0.199342459
    0.019286774    0.200316265
    0.046093840    0.200316265
    0.019121928    0.201294810
    0.045699872    0.201294810
    0.018877298    0.202278182
    0.045115221    0.202278182
    0.018715952    0.203266323
    0.044729616    0.203266323
    0.018555984    0.204259276
    0.044347309    0.204259276
    0.018397380    0.205257088
    0.043968268    0.205257088
    0.018240135    0.206259817
    0.043592468    0.206259817
    0.018084235    0.207267404
    0.043034766    0.207267404
    0.017852880    0.208279908
    0.042666946    0.208279908
    0.017700288    0.209297404
    0.042121097    0.209297404
    0.017549003    0.210319817
    0.041761085    0.210319817
    0.017399009    0.211347252
    0.041404147    0.211347252
    0.017250299    0.212379709
    0.040874455    0.212379709
    0.017102858    0.213417202
    0.040525097    0.213417202
    0.016884059    0.214459777
    0.040178727    0.214459777
    0.016739748    0.215507418
    0.039835315    0.215507418
    0.016596671    0.216560185
    0.039494839    0.216560185
    0.016454818    0.217618123
    0.038989570    0.217618123
    0.016314177    0.218681201
    0.038656324    0.218681201
    0.016174739    0.219749495
    0.038161796    0.219749495
    0.016036492    0.220822975
    0.037835624    0.220822975
    0.015899425    0.221901715
    0.037512239    0.221901715
    0.015696021    0.222985744
    0.037191618    0.222985744
    0.015561866    0.224075034
    0.036873735    0.224075034
    0.015428857    0.225169659
    0.036401995    0.225169659
    0.015296984    0.226269647
    0.036090862    0.226269647
    0.015101288    0.227374986
    0.035782389    0.227374986
    0.014972215    0.228485718
    0.035324618    0.228485718
    0.014844246    0.229601875
    0.035022695    0.229601875
    0.014717370    0.230723530
    0.034574643    0.230723530
    0.014591580    0.231850624
    0.034279127    0.231850624
    0.014466864    0.232983217
    0.033986140    0.232983217
    0.014343214    0.234121382
    0.033695657    0.234121382
    0.014220621    0.235265076
    0.033407658    0.235265076
    0.014038694    0.236414358
    0.033122119    0.236414358
    0.013918703    0.237569258
    0.032839023    0.237569258
    0.013799739    0.238729820
    0.032418903    0.238729820
    0.013681792    0.239896029
    0.032141816    0.239896029
    0.013564852    0.241067931
    0.031730618    0.241067931
    0.013448912    0.242245600
    0.031459413    0.242245600
    0.013333962    0.243428975
    0.031056948    0.243428975
    0.013219995    0.244618133
    0.030791501    0.244618133
    0.013107003    0.245813131
    0.030528322    0.245813131
    0.012994977    0.247013941
    0.030267393    0.247013941
    0.012883907    0.248220623
    0.030008696    0.248220623
    0.012773787    0.249433219
    0.029752208    0.249433219
    0.012664608    0.250651717
    0.029371582    0.250651717
    0.012556362    0.251876146
    0.029120540    0.251876146
    0.012449042    0.253106594
    0.028747994    0.253106594
    0.012342638    0.254343063
    0.028502282    0.254343063
    0.012184736    0.255585521
    0.028137647    0.255585521
    0.012080592    0.256834090
    0.027897151    0.256834090
    0.011977338    0.258088768
    0.027658712    0.258088768
    0.011874967    0.259349525
    0.027422309    0.259349525
    0.011773470    0.260616511
    0.027187929    0.260616511
    0.011672841    0.261889637
    0.026955551    0.261889637
    0.011573073    0.263168961
    0.026610702    0.263168961
    0.011474156    0.264454603
    0.026270267    0.264454603
    0.011376086    0.265746474
    0.026045732    0.265746474
    0.011278853    0.267044693
    0.025823116    0.267044693
    0.011182452    0.268349200
    0.025492756    0.268349200
    0.011039392    0.269660115
    0.025274865    0.269660115
    0.010945037    0.270977437
    0.025058839    0.270977437
    0.010851488    0.272301197
    0.024844659    0.272301197
    0.010758740    0.273631424
    0.024632309    0.273631424
    0.010666784    0.274968117
    0.024421774    0.274968117
    0.010575614    0.276311368
    0.024109341    0.276311368
    0.010485223    0.277661204
    0.023903277    0.277661204
    0.010395605    0.279017568
    0.023597477    0.279017568
    0.010306752    0.280380636
    0.023295589    0.280380636
    0.010218659    0.281750292
    0.023096479    0.281750292
    0.010131320    0.283126652
    0.022899071    0.283126652
    0.010044727    0.284509748
    0.022703350    0.284509748
    0.009958873    0.285899639
    0.022412902    0.285899639
    0.009831467    0.287296265
    0.022221336    0.287296265
    0.009747436    0.288699716
    0.022031408    0.288699716
    0.009664124    0.290110022
    0.021843104    0.290110022
    0.009581524    0.291527241
    0.021563660    0.291527241
    0.009499630    0.292951405
    0.021379353    0.292951405
    0.009418435    0.294382483
    0.021105843    0.294382483
    0.009337935    0.295820534
    0.020925444    0.295820534
    0.009258123    0.297265649
    0.020746591    0.297265649
    0.009178992    0.298717827
    0.020481175    0.298717827
    0.009100539    0.300177097
    0.020306122    0.300177097
    0.009022756    0.301643491
    0.020132562    0.301643491
    0.008945637    0.303117037
    0.019960493    0.303117037
    0.008869178    0.304597795
    0.019789888    0.304597795
    0.008793372    0.306085795
    0.019536711    0.306085795
    0.008718214    0.307581037
    0.019369729    0.307581037
    0.008680876    0.309083641
    0.019121928    0.309083641
    0.008606681    0.310593516
    0.018958492    0.310593516
    0.008533118    0.312110782
    0.018715952    0.312110782
    0.008460185    0.313635498
    0.018555984    0.313635498
    0.008387875    0.315167636
    0.018397380    0.315167636
    0.008316183    0.316707253
    0.018240135    0.316707253
    0.008209792    0.318254411
    0.018084235    0.318254411
    0.008174632    0.319809109
    0.017852880    0.319809109
    0.008104762    0.321371406
    0.017700288    0.321371406
    0.008035490    0.322941333
    0.017473845    0.322941333
    0.007966810    0.324518919
    0.017324494    0.324518919
    0.007898717    0.326104254
    0.017102858    0.326104254
    0.007831206    0.327697307
    0.016956680    0.327697307
    0.007764271    0.329298109
    0.016811749    0.329298109
    0.007697910    0.330906779
    0.016668057    0.330906779
    0.007632115    0.332523257
    0.016454818    0.332523257
    0.007566882    0.334147692
    0.016384346    0.334147692
    0.007502208    0.335780025
    0.016174739    0.335780025
    0.007438085    0.337420315
    0.015967812    0.337420315
    0.007374511    0.339068651
    0.015831333    0.339068651
    0.007342928    0.340725034
    0.015628800    0.340725034
    0.007280168    0.342389494
    0.015495218    0.342389494
    0.007217943    0.344062120
    0.015296984    0.344062120
    0.007156251    0.345742881
    0.015166240    0.345742881
    0.007095085    0.347431868
    0.015036613    0.347431868
    0.007034443    0.349129081
    0.014908093    0.349129081
    0.006974319    0.350834638
    0.014780672    0.350834638
    0.006914709    0.352548480
    0.014591580    0.352548480
    0.006855608    0.354270697
    0.014466864    0.354270697
    0.006797012    0.356001347
    0.014281786    0.356001347
    0.006738918    0.357740432
    0.014159719    0.357740432
    0.006710057    0.359488040
    0.013978570    0.359488040
    0.006652705    0.361244172
    0.013859094    0.361244172
    0.006595844    0.363008887
    0.013740639    0.363008887
    0.006539469    0.364782214
    0.013564852    0.364782214
    0.006483575    0.366564214
    0.013448912    0.366564214
    0.006428159    0.368354917
    0.013333962    0.368354917
    0.006373217    0.370154351
    0.013163378    0.370154351
    0.006318745    0.371962607
    0.013050869    0.371962607
    0.006264738    0.373779684
    0.012883907    0.373779684
    0.006237908    0.375605613
    0.012773787    0.375605613
    0.006184591    0.377440482
    0.012610369    0.377440482
    0.006131731    0.379284322
    0.012502587    0.379284322
    0.006079323    0.381137133
    0.012395727    0.381137133
    0.006027362    0.382999033
    0.012237145    0.382999033
    0.005975846    0.384870023
    0.012132552    0.384870023
    0.005924770    0.386750132
    0.012028854    0.386750132
    0.005899395    0.388639450
    0.011874967    0.388639450
    0.005848973    0.390538007
    0.011773470    0.390538007
    0.005798981    0.392445832
    0.011622850    0.392445832
    0.005774145    0.394362926
    0.011523508    0.394362926
    0.005724793    0.396289438
    0.011376086    0.396289438
    0.005675863    0.398225367
    0.011278853    0.398225367
    0.005651555    0.400170714
    0.011134560    0.400170714
    0.005603251    0.402125597
    0.011039392    0.402125597
    0.005555359    0.404089987
    0.010945037    0.404089987
    0.005507877    0.406064004
    0.010851488    0.406064004
    0.005484288    0.408047676
    0.010712664    0.408047676
    0.005437413    0.410041004
    0.010575614    0.410041004
    0.005390939    0.412044108
    0.010485223    0.412044108
    0.005367851    0.414056957
    0.010351083    0.414056957
    0.005321972    0.416079670
    0.010262611    0.416079670
    0.005276484    0.418112278
    0.010131320    0.418112278
    0.005253886    0.420154810
    0.010044727    0.420154810
    0.005208981    0.422207266
    0.009958873    0.422207266
    0.005164459    0.424269795
    0.009831467    0.424269795
    0.005120318    0.426342398
    0.009747436    0.426342398
    0.005098386    0.428425133
    0.009664124    0.428425133
    0.005054810    0.430518061
    0.009540489    0.430518061
    0.005033161    0.432621151
    0.009418435    0.432621151
    0.004990143    0.434734553
    0.009297943    0.434734553
    0.004968771    0.436858267
    0.009218473    0.436858267
    0.004926303    0.438992381
    0.009100539    0.438992381
    0.004884197    0.441136867
    0.009022756    0.441136867
    0.004842451    0.443291873
    0.008945637    0.443291873
    0.004821713    0.445457369
    0.008831194    0.445457369
    0.004780501    0.447633475
    0.008755713    0.447633475
    0.004760027    0.449820220
    0.008643699    0.449820220
    0.004719343    0.452017605
    0.008569820    0.452017605
    0.004699131    0.454225779
    0.008460185    0.454225779
    0.004658967    0.456444681
    0.008351952    0.456444681
    0.004639014    0.458674461
    0.008245103    0.458674461
    0.004599364    0.460915148
    0.008174632    0.460915148
    0.004579667    0.463166744
    0.008070052    0.463166744
    0.004540524    0.465429366
    0.008001076    0.465429366
    0.004501715    0.467703044
    0.007932690    0.467703044
    0.004463239    0.469987810
    0.007864889    0.469987810
    0.004444124    0.472283721
    0.007764271    0.472283721
    0.004425091    0.474590868
    0.007664942    0.474590868
    0.004406139    0.476909310
    0.007566882    0.476909310
    0.004368480    0.479239047
    0.007470077    0.479239047
    0.004349770    0.481580168
    0.007374511    0.481580168
    0.004331142    0.483932734
    0.007311481    0.483932734
    0.004294123    0.486296773
    0.007217943    0.486296773
    0.004275733    0.488672346
    0.007156251    0.488672346
    0.004239188    0.491059572
    0.007064699    0.491059572
    0.004221032    0.493458450
    0.007004316    0.493458450
    0.004202954    0.495869011
    0.006914709    0.495869011
    0.004184955    0.498291373
    0.006826248    0.498291373
    0.004167031    0.500725567
    0.006738918    0.500725567
    0.004149185    0.503171682
    0.006652705    0.503171682
    0.004113722    0.505629718
    0.006567596    0.505629718
    0.004096104    0.508099735
    0.006483575    0.508099735
    0.004078561    0.510581851
    0.006400629    0.510581851
    0.004061094    0.513076067
    0.006345923    0.513076067
    0.004026384    0.515582502
    0.006264738    0.515582502
    0.004009140    0.518101215
    0.006211192    0.518101215
    0.003991970    0.520632207
    0.006131731    0.520632207
    0.003991970    0.523175538
    0.006027362    0.523175538
    0.003974873    0.525731266
    0.005950253    0.525731266
    0.003957850    0.528299510
    0.005874130    0.528299510
    0.003940899    0.530880332
    0.005798981    0.530880332
    0.003924021    0.533473730
    0.005724793    0.533473730
    0.003907216    0.536079764
    0.005651555    0.536079764
    0.003890483    0.538698554
    0.005579253    0.538698554
    0.003873821    0.541330159
    0.005507877    0.541330159
    0.003857230    0.543974578
    0.005460800    0.543974578
    0.003840711    0.546631992
    0.005367851    0.546631992
    0.003840711    0.549302280
    0.005276484    0.549302280
    0.003840711    0.551985681
    0.005186672    0.551985681
    0.003840711    0.554682195
    0.005120318    0.554682195
    0.003824262    0.557391882
    0.005033161    0.557391882
    0.003824262    0.560114801
    0.004947491    0.560114801
    0.003807884    0.562851012
    0.004884197    0.562851012
    0.003807884    0.565600574
    0.004821713    0.565600574
    0.003791576    0.568363607
    0.004739641    0.568363607
    0.003791576    0.571140110
    0.004679006    0.571140110
    0.003807884    0.573930144
    0.004579667    0.573930144
    0.003840711    0.576733887
    0.004482436    0.576733887
    0.003873821    0.579551280
    0.004349770    0.579551280
    0.003924021    0.582382441
    0.004202954    0.582382441
    0.001620901    2.562090874
    0.001766182    2.562090874
    0.001559483    2.574606895
    0.001867527    2.574606895
    0.001519837    2.587184191
    0.001941076    2.587184191
    0.001506847    2.599822760
    0.001983181    2.599822760
    0.001500393    2.612523079
    0.002017521    2.612523079
    0.001493968    2.625285625
    0.002052457    2.625285625
    0.001481199    2.638110161
    0.002087997    2.638110161
    0.001474855    2.650997639
    0.002124152    2.650997639
    0.001468539    2.663948059
    0.002160934    2.663948059
    0.001462249    2.676961660
    0.002198352    2.676961660
    0.001455987    2.690038919
    0.002236419    2.690038919
    0.001449751    2.703179836
    0.002265400    2.703179836
    0.001443542    2.716385126
    0.002304628    2.716385126
    0.001443542    2.729655027
    0.002324495    2.729655027
    0.001449751    2.742989540
    0.002344534    2.742989540
    0.001449751    2.756389141
    0.002364746    2.756389141
    0.001455987    2.769854307
    0.002374917    2.769854307
    0.001455987    2.783385277
    0.002395391    2.783385277
    0.001462249    2.796982527
    0.002416041    2.796982527
    0.001462249    2.810645819
    0.002436869    2.810645819
    0.001468539    2.824376345
    0.002457877    2.824376345
    0.001468539    2.838173389
    0.002479066    2.838173389
    0.001474855    2.852038145
    0.002500437    2.852038145
    0.001481199    2.865970850
    0.002500437    2.865970850
    0.001493968    2.879971266
    0.002511192    2.879971266
    0.001500393    2.894040108
    0.002511192    2.894040108
    0.001513328    2.908177614
    0.002521993    2.908177614
    0.001519837    2.922384501
    0.002521993    2.922384501
    0.001532939    2.936660528
    0.002532840    2.936660528
    0.001546154    2.951006413
    0.002532840    2.951006413
    0.001552805    2.965422392
    0.002543735    2.965422392
    0.001566191    2.979908705
    0.002543735    2.979908705
    0.001572927    2.994465828
    0.002554676    2.994465828
    0.001586487    3.009094238
    0.002543735    3.009094238
    0.001607047    3.023793936
    0.002532840    3.023793936
    0.001627872    3.038565397
    0.002532840    3.038565397
    0.001641906    3.053409100
    0.002521993    3.053409100
    0.001663183    3.068325281
    0.002511192    3.068325281
    0.001684736    3.083314419
    0.002500437    3.083314419
    0.001706569    3.098376751
    0.002489729    3.098376751
    0.001728684    3.113512516
    0.002479066    3.113512516
    0.001751086    3.128722429
    0.002468449    3.128722429
    0.001773779    3.144006491
    0.002457877    3.144006491
    0.001804493    3.159365416
    0.002436869    3.159365416
    0.001843636    3.174799204
    0.002405694    3.174799204
    0.001883627    3.190308094
    0.002374917    3.190308094
    0.001924485    3.205893517
    0.002334493    3.205893517
    0.001974687    3.221554279
    0.002284930    3.221554279
    0.002070150    3.237291813
    0.002198352    3.237291813
    0.001736120    8.291772842
    0.002096978    8.291772842
    0.001648968    8.332280159
    0.002226841    8.332280159
    0.001600164    8.372982979
    0.002314540    8.372982979
    0.001566191    8.413886070
    0.002395391    8.413886070
    0.001539533    8.454988480
    0.002468449    8.454988480
    0.001513328    8.496292114
    0.002543735    8.496292114
    0.001487569    8.537796974
    0.002610090    8.537796974
    0.001462249    8.579504013
    0.002678177    8.579504013
    0.001443542    8.621417046
    0.002736271    8.621417046
    0.001425075    8.663533211
    0.002807649    8.663533211
    0.001406844    8.705855370
    0.002868551    8.705855370
    0.001388845    8.748384476
    0.002930774    8.748384476
    0.001394819    8.791120529
    0.002956040    8.791120529
    0.001394819    8.834066391
    0.002981523    8.834066391
    0.001394819    8.877221107
    0.003007226    8.877221107
    0.001400818    8.920588493
    0.003033151    8.920588493
    0.001400818    8.964165688
    0.003059299    8.964165688
    0.001400818    9.007956505
    0.003085673    9.007956505
    0.001406844    9.051961899
    0.003112274    9.051961899
    0.001406844    9.096180916
    0.003139104    9.096180916
    0.001406844    9.140616417
    0.003166165    9.140616417
    0.001412895    9.185268402
    0.003193460    9.185268402
    0.001431204    9.230139732
    0.003193460    9.230139732
    0.001455987    9.275229454
    0.003179783    9.275229454
    0.001474855    9.320539474
    0.003152605    9.320539474
    0.001500393    9.366071701
    0.003139104    9.366071701
    0.001526374    9.411826134
    0.003125660    9.411826134
    0.001546154    9.457802773
    0.003112274    9.457802773
    0.001572927    9.504006386
    0.003098944    9.504006386
    0.001600164    9.550433159
    0.003072458    9.550433159
    0.001634874    9.597087860
    0.003059299    9.597087860
    0.001663183    9.643971443
    0.003033151    9.643971443
    0.001713909    9.691082954
    0.002968754    9.691082954
    0.001773779    9.738424301
    0.002905725    9.738424301
    0.001835740    9.785996437
    0.002819725    9.785996437
    0.001916243    9.833803177
    0.002736271    9.833803177
    0.002026199    9.881841660
    0.002610090    9.881841660
    0.002246038    9.930114746
    0.002385132    9.930114746
    0.002017521   13.630770683
    0.002142464   13.630770683
    0.001916243   13.697359085
    0.002284930   13.697359085
    0.001867527   13.764273643
    0.002374917   13.764273643
    0.001820049   13.831510544
    0.002457877   13.831510544
    0.001789070   13.899080276
    0.002511192   13.899080276
    0.001751086   13.966979980
    0.002576699   13.966979980
    0.001728684   14.035206795
    0.002632591   14.035206795
    0.001706569   14.103771210
    0.002689696   14.103771210
    0.001684736   14.172671318
    0.002736271   14.172671318
    0.001663183   14.241903305
    0.002795625   14.241903305
    0.001656060   14.311477661
    0.002831853   14.311477661
    0.001656060   14.381391525
    0.002856266   14.381391525
    0.001648968   14.451647758
    0.002893280   14.451647758
    0.001648968   14.522242546
    0.002930774   14.522242546
    0.001641906   14.593186378
    0.002968754   14.593186378
    0.001641906   14.664476395
    0.003007226   14.664476395
    0.001641906   14.736110687
    0.003046197   14.736110687
    0.001641906   14.808099747
    0.003085673   14.808099747
    0.001634874   14.880439758
    0.003112274   14.880439758
    0.001634874   14.953133583
    0.003152605   14.953133583
    0.001641906   15.026178360
    0.003152605   15.026178360
    0.001656060   15.099583626
    0.003152605   15.099583626
    0.001670337   15.173347473
    0.003152605   15.173347473
    0.001684736   15.247467995
    0.003152605   15.247467995
    0.001691983   15.321954727
    0.003152605   15.321954727
    0.001706569   15.396805763
    0.003139104   15.396805763
    0.001721281   15.472017288
    0.003139104   15.472017288
    0.001736120   15.547600746
    0.003139104   15.547600746
    0.001743587   15.623549461
    0.003139104   15.623549461
    0.001758618   15.699872971
    0.003139104   15.699872971
    0.001796765   15.776570320
    0.003072458   15.776570320
    0.001835740   15.853636742
    0.003007226   15.853636742
    0.001875560   15.931084633
    0.002943380   15.931084633
    0.001924485   16.008907318
    0.002868551   16.008907318
    0.001983181   16.087112427
    0.002783652   16.087112427
    0.002052457   16.165700912
    0.002689696   16.165700912
    0.002170228   16.244668961
    0.002554676   16.244668961
    0.002236419   18.083053589
    0.002405694   18.083053589
    0.002124152   18.171392441
    0.002521993   18.171392441
    0.002061284   18.260158539
    0.002587782   18.260158539
    0.002026199   18.349361420
    0.002643914   18.349361420
    0.001983181   18.439002991
    0.002689696   18.439002991
    0.001957810   18.529075623
    0.002736271   18.529075623
    0.001932763   18.619592667
    0.002783652   18.619592667
    0.001908037   18.710552216
    0.002819725   18.710552216
    0.001883627   18.801952362
    0.002856266   18.801952362
    0.001867527   18.893802643
    0.002893280   18.893802643
    0.001843636   18.986103058
    0.002930774   18.986103058
    0.001827878   19.078847885
    0.002968754   19.078847885
    0.001812255   19.172052383
    0.002981523   19.172052383
    0.001804493   19.265710831
    0.002994347   19.265710831
    0.001789070   19.359827042
    0.002994347   19.359827042
    0.001781408   19.454397202
    0.003007226   19.454397202
    0.001766182   19.549436569
    0.003020161   19.549436569
    0.001758618   19.644939423
    0.003033151   19.644939423
    0.001743587   19.740901947
    0.003033151   19.740901947
    0.001728684   19.837339401
    0.003046197   19.837339401
    0.001721281   19.934244156
    0.003059299   19.934244156
    0.001713909   20.031625748
    0.003059299   20.031625748
    0.001706569   20.129484177
    0.003059299   20.129484177
    0.001706569   20.227815628
    0.003072458   20.227815628
    0.001706569   20.326631546
    0.003072458   20.326631546
    0.001706569   20.425924301
    0.003072458   20.425924301
    0.001706569   20.525709152
    0.003085673   20.525709152
    0.001706569   20.625982285
    0.003085673   20.625982285
    0.001706569   20.726737976
    0.003085673   20.726737976
    0.001706569   20.827991486
    0.003098944   20.827991486
    0.001706569   20.929738998
    0.003098944   20.929738998
    0.001706569   21.031984329
    0.003112274   21.031984329
    0.001713909   21.134723663
    0.003098944   21.134723663
    0.001728684   21.237972260
    0.003072458   21.237972260
    0.001736120   21.341722488
    0.003059299   21.341722488
    0.001751086   21.445974350
    0.003046197   21.445974350
    0.001766182   21.550743103
    0.003033151   21.550743103
    0.001773779   21.656021118
    0.003020161   21.656021118
    0.001789070   21.761810303
    0.002994347   21.761810303
    0.001804493   21.868120193
    0.002981523   21.868120193
    0.001820049   21.974948883
    0.002968754   21.974948883
    0.001827878   22.082294464
    0.002943380   22.082294464
    0.001859529   22.190170288
    0.002918222   22.190170288
    0.001883627   22.298574448
    0.002868551   22.298574448
    0.001908037   22.407506943
    0.002831853   22.407506943
    0.001941076   22.516965866
    0.002795625   22.516965866
    0.001966230   22.626964569
    0.002748040   22.626964569
    0.002008881   22.737501144
    0.002701265   22.737501144
    0.002052457   22.848571777
    0.002643914   22.848571777
    0.002115055   22.960191727
    0.002576699   22.960191727
    0.002207808   23.072349548
    0.002489729   23.072349548
    0.002265400   23.298326492
    0.002457877   23.298326492
    0.002179563   23.412136078
    0.002543735   23.412136078
    0.002124152   23.526508331
    0.002598912   23.526508331
    0.002079054   23.641433716
    0.002655286   23.641433716
    0.002052457   23.756925583
    0.002701265   23.756925583
    0.002017521   23.872982025
    0.002748040   23.872982025
    0.001991711   23.989599228
    0.002795625   23.989599228
    0.001974687   24.106792450
    0.002831853   24.106792450
    0.001957810   24.224559784
    0.002868551   24.224559784
    0.001932763   24.342901230
    0.002918222   24.342901230
    0.001924485   24.461812973
    0.002918222   24.461812973
    0.001908037   24.581314087
    0.002918222   24.581314087
    0.001891728   24.701398849
    0.002905725   24.701398849
    0.001883627   24.822061539
    0.002905725   24.822061539
    0.001867527   24.943323135
    0.002905725   24.943323135
    0.001859529   25.065174103
    0.002905725   25.065174103
    0.001843636   25.187616348
    0.002905725   25.187616348
    0.001835740   25.310661316
    0.002905725   25.310661316
    0.001820049   25.434309006
    0.002893280   25.434309006
    0.001804493   25.558553696
    0.002893280   25.558553696
    0.001789070   25.683410645
    0.002930774   25.683410645
    0.001781408   25.808879852
    0.002968754   25.808879852
    0.001766182   25.934961319
    0.002994347   25.934961319
    0.001751086   26.061651230
    0.003033151   26.061651230
    0.001736120   26.188966751
    0.003072458   26.188966751
    0.001728684   26.316904068
    0.003098944   26.316904068
    0.001713909   26.445459366
    0.003139104   26.445459366
    0.001706569   26.574649811
    0.003166165   26.574649811
    0.001691983   26.704473495
    0.003207196   26.704473495
    0.001684736   26.834928513
    0.003234844   26.834928513
    0.001691983   26.966014862
    0.003207196   26.966014862
    0.001706569   27.097747803
    0.003193460   27.097747803
    0.001721281   27.230125427
    0.003166165   27.230125427
    0.001728684   27.363142014
    0.003125660   27.363142014
    0.001743587   27.496816635
    0.003098944   27.496816635
    0.001758618   27.631143570
    0.003072458   27.631143570
    0.001773779   27.766119003
    0.003046197   27.766119003
    0.001789070   27.901762009
    0.003020161   27.901762009
    0.001796765   28.038059235
    0.002981523   28.038059235
    0.001812255   28.175029755
    0.002956040   28.175029755
    0.001820049   28.312669754
    0.002943380   28.312669754
    0.001820049   28.450975418
    0.002943380   28.450975418
    0.001827878   28.589963913
    0.002943380   28.589963913
    0.001827878   28.729621887
    0.002943380   28.729621887
    0.001835740   28.869972229
    0.002943380   28.869972229
    0.001835740   29.011007309
    0.002943380   29.011007309
    0.001843636   29.152723312
    0.002943380   29.152723312
    0.001843636   29.295139313
    0.002943380   29.295139313
    0.001843636   29.438251495
    0.002943380   29.438251495
    0.001851565   29.582054138
    0.002943380   29.582054138
    0.001851565   29.726568222
    0.002956040   29.726568222
    0.001843636   29.871788025
    0.002968754   29.871788025
    0.001843636   30.017717361
    0.002981523   30.017717361
    0.001843636   30.164350510
    0.003007226   30.164350510
    0.001843636   30.311708450
    0.003020161   30.311708450
    0.001843636   30.459787369
    0.003033151   30.459787369
    0.001835740   30.608579636
    0.003059299   30.608579636
    0.001835740   30.758108139
    0.003072458   30.758108139
    0.001835740   30.908367157
    0.003085673   30.908367157
    0.001835740   31.059360504
    0.003098944   31.059360504
    0.001835740   31.211082458
    0.003072458   31.211082458
    0.001835740   31.363554001
    0.003046197   31.363554001
    0.001835740   31.516771317
    0.003020161   31.516771317
    0.001835740   31.670726776
    0.002994347   31.670726776
    0.001835740   31.825445175
    0.002968754   31.825445175
    0.001843636   31.980916977
    0.002943380   31.980916977
    0.001843636   32.137142181
    0.002918222   32.137142181
    0.001843636   32.294136047
    0.002893280   32.294136047
    0.001843636   32.451889038
    0.002868551   32.451889038
    0.001843636   32.610424042
    0.002844033   32.610424042
    0.001835740   32.769733429
    0.002880889   32.769733429
    0.001827878   32.929809570
    0.002918222   32.929809570
    0.001812255   33.090675354
    0.002943380   33.090675354
    0.001804493   33.252323151
    0.002981523   33.252323151
    0.001796765   33.414764404
    0.003020161   33.414764404
    0.001789070   33.578002930
    0.003059299   33.578002930
    0.001781408   33.742027283
    0.003085673   33.742027283
    0.001773779   33.906864166
    0.003125660   33.906864166
    0.001766182   34.072505951
    0.003166165   34.072505951
    0.001758618   34.238945007
    0.003193460   34.238945007
    0.001751086   34.406208038
    0.003179783   34.406208038
    0.001751086   34.574291229
    0.003166165   34.574291229
    0.001743587   34.743190765
    0.003152605   34.743190765
    0.001743587   34.912910461
    0.003139104   34.912910461
    0.001736120   35.083465576
    0.003125660   35.083465576
    0.001736120   35.254852295
    0.003112274   35.254852295
    0.001728684   35.427070618
    0.003098944   35.427070618
    0.001728684   35.600139618
    0.003085673   35.600139618
    0.001721281   35.774040222
    0.003072458   35.774040222
    0.001721281   35.948802948
    0.003059299   35.948802948
    0.001728684   36.124420166
    0.003059299   36.124420166
    0.001736120   36.300884247
    0.003059299   36.300884247
    0.001751086   36.478221893
    0.003059299   36.478221893
    0.001758618   36.656414032
    0.003059299   36.656414032
    0.001773779   36.835487366
    0.003072458   36.835487366
    0.001781408   37.015434265
    0.003072458   37.015434265
    0.001789070   37.196250916
    0.003072458   37.196250916
    0.001804493   37.377964020
    0.003072458   37.377964020
    0.001812255   37.560562134
    0.003085673   37.560562134
    0.001820049   37.744049072
    0.003085673   37.744049072
    0.001820049   37.928428650
    0.003072458   37.928428650
    0.001827878   38.113712311
    0.003059299   38.113712311
    0.001827878   38.299907684
    0.003046197   38.299907684
    0.001827878   38.486999512
    0.003033151   38.486999512
    0.001827878   38.675014496
    0.003020161   38.675014496
    0.001827878   38.863948822
    0.003007226   38.863948822
    0.001835740   39.053794861
    0.002981523   39.053794861
    0.001835740   39.244579315
    0.002968754   39.244579315
    0.001835740   39.436298370
    0.002956040   39.436298370
    0.001835740   39.628940582
    0.002943380   39.628940582
    0.001820049   39.822532654
    0.002968754   39.822532654
    0.001804493   40.017074585
    0.002994347   40.017074585
    0.001789070   40.212566376
    0.003007226   40.212566376
    0.001773779   40.409000397
    0.003033151   40.409000397
    0.001758618   40.606403351
    0.003059299   40.606403351
    0.001743587   40.804775238
    0.003072458   40.804775238
    0.001728684   41.004100800
    0.003098944   41.004100800
    0.001713909   41.204414368
    0.003112274   41.204414368
    0.001699260   41.405704498
    0.003139104   41.405704498
    0.001684736   41.607978821
    0.003152605   41.607978821
    0.001699260   41.811229706
    0.003152605   41.811229706
    0.001713909   42.015487671
    0.003139104   42.015487671
    0.001728684   42.220737457
    0.003125660   42.220737457
    0.001743587   42.426982880
    0.003125660   42.426982880
    0.001766182   42.634246826
    0.003112274   42.634246826
    0.001781408   42.842521667
    0.003098944   42.842521667
    0.001796765   43.051803589
    0.003085673   43.051803589
    0.001820049   43.262119293
    0.003085673   43.262119293
    0.001835740   43.473453522
    0.003072458   43.473453522
    0.001859529   43.685829163
    0.003059299   43.685829163
    0.001859529   43.899242401
    0.003033151   43.899242401
    0.001859529   44.113685608
    0.003007226   44.113685608
    0.001859529   44.329189301
    0.002968754   44.329189301
    0.001859529   44.545730591
    0.002943380   44.545730591
    0.001859529   44.763343811
    0.002918222   44.763343811
    0.001859529   44.982021332
    0.002893280   44.982021332
    0.001859529   45.201755524
    0.002868551   45.201755524
    0.001859529   45.422573090
    0.002844033   45.422573090
    0.001859529   45.644470215
    0.002819725   45.644470215
    0.001859529   45.867439270
    0.002795625   45.867439270
    0.001851565   46.091510773
    0.002819725   46.091510773
    0.001843636   46.316677094
    0.002868551   46.316677094
    0.001827878   46.542942047
    0.002905725   46.542942047
    0.001820049   46.770298004
    0.002943380   46.770298004
    0.001812255   46.998783112
    0.002981523   46.998783112
    0.001804493   47.228378296
    0.003020161   47.228378296
    0.001796765   47.459083557
    0.003059299   47.459083557
    0.001789070   47.690929413
    0.003098944   47.690929413
    0.001781408   47.923908234
    0.003139104   47.923908234
    0.001781408   48.158027649
    0.003179783   48.158027649
    0.001781408   48.393276215
    0.003179783   48.393276215
    0.001781408   48.629684448
    0.003166165   48.629684448
    0.001781408   48.867248535
    0.003152605   48.867248535
    0.001789070   49.105960846
    0.003152605   49.105960846
    0.001789070   49.345851898
    0.003139104   49.345851898
    0.001789070   49.586914062
    0.003125660   49.586914062
    0.001789070   49.829143524
    0.003125660   49.829143524
    0.001796765   50.072566986
    0.003112274   50.072566986
    0.001796765   50.317169189
    0.003098944   50.317169189
    0.001796765   50.562976837
    0.003085673   50.562976837
    0.001789070   50.809986115
    0.003098944   50.809986115
    0.001789070   51.058185577
    0.003112274   51.058185577
    0.001781408   51.307617188
    0.003112274   51.307617188
    0.001773779   51.558246613
    0.003125660   51.558246613
    0.001766182   51.810119629
    0.003125660   51.810119629
    0.001758618   52.063220978
    0.003139104   52.063220978
    0.001751086   52.317546844
    0.003139104   52.317546844
    0.001743587   52.573127747
    0.003152605   52.573127747
    0.001743587   52.829956055
    0.003166165   52.829956055
    0.001736120   53.088024139
    0.003166165   53.088024139
    0.001743587   53.347370148
    0.003152605   53.347370148
    0.001751086   53.607982635
    0.003125660   53.607982635
    0.001758618   53.869865417
    0.003112274   53.869865417
    0.001773779   54.133014679
    0.003098944   54.133014679
    0.001781408   54.397464752
    0.003072458   54.397464752
    0.001789070   54.663204193
    0.003059299   54.663204193
    0.001804493   54.930229187
    0.003033151   54.930229187
    0.001812255   55.198574066
    0.003007226   55.198574066
    0.001827878   55.468231201
    0.002981523   55.468231201
    0.001835740   55.739200592
    0.002968754   55.739200592
    0.001835740   56.011482239
    0.002968754   56.011482239
    0.001835740   56.285110474
    0.002968754   56.285110474
    0.001827878   56.560070038
    0.002968754   56.560070038
    0.001827878   56.836360931
    0.002968754   56.836360931
    0.001820049   57.114017487
    0.002968754   57.114017487
    0.001820049   57.393032074
    0.002968754   57.393032074
    0.001812255   57.673389435
    0.002968754   57.673389435
    0.001812255   57.955135345
    0.002981523   57.955135345
    0.001812255   58.238239288
    0.002981523   58.238239288
    0.001804493   58.522743225
    0.002981523   58.522743225
    0.001804493   58.808639526
    0.002994347   58.808639526
    0.001804493   59.095912933
    0.002994347   59.095912933
    0.001804493   59.384609222
    0.003007226   59.384609222
    0.001796765   59.674694061
    0.003020161   59.674694061
    0.001796765   59.966217041
    0.003033151   59.966217041
    0.001796765   60.259162903
    0.003046197   60.259162903
    0.001796765   60.553524017
    0.003046197   60.553524017
    0.001789070   60.849338531
    0.003059299   60.849338531
    0.001789070   61.146598816
    0.003072458   61.146598816
    0.001789070   61.445293427
    0.003085673   61.445293427
    0.001781408   61.745464325
    0.003098944   61.745464325
    0.001773779   62.047103882
    0.003112274   62.047103882
    0.001766182   62.350215912
    0.003139104   62.350215912
    0.001758618   62.654788971
    0.003152605   62.654788971
    0.001758618   62.960868835
    0.003179783   62.960868835
    0.001751086   63.268444061
    0.003193460   63.268444061
    0.001743587   63.577503204
    0.003207196   63.577503204
    0.001736120   63.888092041
    0.003234844   63.888092041
    0.001736120   64.200195312
    0.003248758   64.200195312
    0.001728684   64.513824463
    0.003262731   64.513824463
    0.001728684   64.828971863
    0.003262731   64.828971863
    0.001736120   65.145675659
    0.003248758   65.145675659
    0.001736120   65.463920593
    0.003234844   65.463920593
    0.001743587   65.783706665
    0.003220990   65.783706665
    0.001751086   66.105072021
    0.003207196   66.105072021
    0.001751086   66.428009033
    0.003193460   66.428009033
    0.001758618   66.752502441
    0.003179783   66.752502441
    0.001758618   67.078598022
    0.003166165   67.078598022
    0.001766182   67.406272888
    0.003152605   67.406272888
    0.001773779   67.735565186
    0.003139104   67.735565186
    0.001773779   68.066467285
    0.003139104   68.066467285
    0.001781408   68.398963928
    0.003125660   68.398963928
    0.001781408   68.733100891
    0.003125660   68.733100891
    0.001789070   69.068855286
    0.003125660   69.068855286
    0.001789070   69.406272888
    0.003112274   69.406272888
    0.001796765   69.745330811
    0.003112274   69.745330811
    0.001796765   70.086036682
    0.003098944   70.086036682
    0.001804493   70.428413391
    0.003098944   70.428413391
    0.001804493   70.772468567
    0.003085673   70.772468567
    0.001812255   71.118186951
    0.003085673   71.118186951
    0.001804493   71.465614319
    0.003085673   71.465614319
    0.001796765   71.814735413
    0.003085673   71.814735413
    0.001789070   72.165565491
    0.003085673   72.165565491
    0.001781408   72.518089294
    0.003098944   72.518089294
    0.001773779   72.872352600
    0.003098944   72.872352600
    0.001766182   73.228347778
    0.003098944   73.228347778
    0.001758618   73.586059570
    0.003098944   73.586059570
    0.001751086   73.945541382
    0.003098944   73.945541382
    0.001743587   74.306777954
    0.003112274   74.306777954
    0.001736120   74.669776917
    0.003112274   74.669776917
    0.001736120   75.034530640
    0.003125660   75.034530640
    0.001736120   75.401092529
    0.003139104   75.401092529
    0.001736120   75.769439697
    0.003152605   75.769439697
    0.001736120   76.139564514
    0.003179783   76.139564514
    0.001736120   76.511520386
    0.003193460   76.511520386
    0.001736120   76.885292053
    0.003207196   76.885292053
    0.001736120   77.260871887
    0.003220990   77.260871887
    0.001736120   77.638305664
    0.003248758   77.638305664
    0.001736120   78.017562866
    0.003262731   78.017562866
    0.001736120   78.398689270
    0.003276764   78.398689270
    0.001736120   78.781684875
    0.003262731   78.781684875
    0.001736120   79.166519165
    0.003262731   79.166519165
    0.001743587   79.553268433
    0.003248758   79.553268433
    0.001743587   79.941879272
    0.003234844   79.941879272
    0.001743587   80.332405090
    0.003220990   80.332405090
    0.001751086   80.724845886
    0.003207196   80.724845886
    0.001751086   81.119178772
    0.003193460   81.119178772
    0.001751086   81.515457153
    0.003193460   81.515457153
    0.001751086   81.913681030
    0.003179783   81.913681030
    0.001758618   82.313819885
    0.003166165   82.313819885
    0.001758618   82.715934753
    0.003152605   82.715934753
    0.001766182   83.120018005
    0.003125660   83.120018005
    0.001766182   83.526077271
    0.003112274   83.526077271
    0.001773779   83.934089661
    0.003098944   83.934089661
    0.001781408   84.344123840
    0.003085673   84.344123840
    0.001781408   84.756164551
    0.003072458   84.756164551
    0.001789070   85.170188904
    0.003059299   85.170188904
    0.001789070   85.586257935
    0.003033151   85.586257935
    0.001796765   86.004364014
    0.003020161   86.004364014
    0.001804493   86.424507141
    0.003007226   86.424507141
    0.001804493   86.846687317
    0.003007226   86.846687317
    0.001804493   87.270950317
    0.003007226   87.270950317
    0.001804493   87.697280884
    0.003007226   87.697280884
    0.001812255   88.125671387
    0.003007226   88.125671387
    0.001812255   88.556182861
    0.003007226   88.556182861
    0.001812255   88.988800049
    0.003020161   88.988800049
    0.001812255   89.423500061
    0.003020161   89.423500061
    0.001820049   89.860351562
    0.003020161   89.860351562
    0.001820049   90.299308777
    0.003020161   90.299308777
    0.001820049   90.740440369
    0.003020161   90.740440369
    0.001820049   91.183723450
    0.003033151   91.183723450
    0.001820049   91.629142761
    0.003033151   91.629142761
    0.001820049   92.076766968
    0.003033151   92.076766968
    0.001820049   92.526557922
    0.003033151   92.526557922
    0.001820049   92.978561401
    0.003046197   92.978561401
    0.001827878   93.432785034
    0.003046197   93.432785034
    0.001827878   93.889190674
    0.003046197   93.889190674
    0.001827878   94.347854614
    0.003046197   94.347854614
    0.001827878   94.808761597
    0.003046197   94.808761597
    0.001827878   95.271896362
    0.003059299   95.271896362
    0.001820049   95.737312317
    0.003059299   95.737312317
    0.001820049   96.205009460
    0.003059299   96.205009460
    0.001820049   96.674987793
    0.003072458   96.674987793
    0.001812255   97.147239685
    0.003072458   97.147239685
    0.001812255   97.621818542
    0.003085673   97.621818542
    0.001804493   98.087326050
    0.003085673   98.087326050
    0.001804493   98.555084229
    0.003098944   98.555084229
    0.001804493   99.025047302
    0.003098944   99.025047302
    0.001796765   99.497253418
    0.003098944   99.497253418
    0.001796765   99.971733093
    0.003112274   99.971733093
    0.001796765  100.448417664
    0.003112274  100.448417664
    0.001796765  100.927436829
    0.003112274  100.927436829
    0.001796765  101.408737183
    0.003112274  101.408737183
    0.001796765  101.892280579
    0.003112274  101.892280579
