    0.966469884    0.057814091
    0.954105616    0.058096506
    0.945950806    0.058380321
    0.937865674    0.058665518
    0.925867319    0.058952093
    0.917953849    0.059240084
    0.910108030    0.059529483
    0.902329206    0.059820279
    0.894616902    0.060112514
    0.883171916    0.060406171
    0.875623345    0.060701251
    0.868139267    0.060997788
    0.860719204    0.061295774
    0.849707842    0.061595213
    0.842445314    0.061896101
    0.835244834    0.062198475
    0.824559391    0.062502325
    0.817511797    0.062807642
    0.810524404    0.063114472
    0.803596735    0.063422777
    0.796728313    0.063732609
    0.786535621    0.064043954
    0.779812992    0.064356804
    0.773147881    0.064671196
    0.766539693    0.064987108
    0.756733179    0.065304585
    0.750265300    0.065623611
    0.743852735    0.065944172
    0.737494946    0.066266321
    0.731191456    0.066590048
    0.721837163    0.066915348
    0.715667546    0.067242227
    0.709550738    0.067570716
    0.700473249    0.067900814
    0.694486260    0.068232499
    0.688550413    0.068565831
    0.682665288    0.068900786
    0.676830471    0.069237359
    0.668171585    0.069575593
    0.662460685    0.069915488
    0.656798542    0.070257016
    0.651184857    0.070600234
    0.642854095    0.070945129
    0.637359560    0.071291707
    0.631911993    0.071639962
    0.623827815    0.071989939
    0.618495822    0.072341621
    0.613209486    0.072695002
    0.607968330    0.073050134
    0.602771997    0.073406994
    0.595060587    0.073765598
    0.589974523    0.074125938
    0.584931970    0.074488059
    0.577448785    0.074851945
    0.572513282    0.075217590
    0.567619920    0.075585037
    0.562768459    0.075954288
    0.555568814    0.076325320
    0.550820291    0.076698177
    0.546112418    0.077072844
    0.541444719    0.077449359
    0.536816955    0.077827714
    0.529949307    0.078207895
    0.525419772    0.078589953
    0.520929039    0.078973860
    0.514264643    0.079359658
    0.509869158    0.079747342
    0.505511284    0.080136903
    0.499044120    0.080528386
    0.494778752    0.080921784
    0.490549833    0.081317075
    0.486357033    0.081714325
    0.480134964    0.082113512
    0.476031214    0.082514651
    0.471962541    0.082917728
    0.465924621    0.083322801
    0.461942315    0.083729848
    0.457994044    0.084138855
    0.452134818    0.084549889
    0.448270380    0.084962934
    0.444438964    0.085377991
    0.440640271    0.085795052
    0.435003072    0.086214177
    0.431285053    0.086635351
    0.427598804    0.087058559
    0.422128439    0.087483853
    0.418520480    0.087911226
    0.414943337    0.088340670
    0.409634888    0.088772230
    0.406133652    0.089205869
    0.402662396    0.089641660
    0.399220794    0.090079576
    0.394113481    0.090519607
    0.390744954    0.090961806
    0.387405246    0.091406152
    0.382449090    0.091852687
    0.379180253    0.092301399
    0.375939369    0.092752285
    0.371129870    0.093205392
    0.367957771    0.093660720
    0.364812791    0.094118245
    0.361694723    0.094578028
    0.357067466    0.095040061
    0.354015589    0.095504351
    0.350989789    0.095970877
    0.346499473    0.096439712
    0.343537927    0.096910842
    0.340601653    0.097384237
    0.336244285    0.097859979
    0.333370358    0.098338045
    0.330521017    0.098818414
    0.327696025    0.099301159
    0.323503733    0.099786267
    0.320738703    0.100273713
    0.316635430    0.100763567
    0.313929111    0.101255797
    0.311245918    0.101750441
    0.308585674    0.102247506
    0.304637879    0.102746993
    0.302034110    0.103248917
    0.299452603    0.103753306
    0.296893150    0.104260147
    0.293094933    0.104769461
    0.290589809    0.105281264
    0.288106114    0.105795585
    0.284420311    0.106312394
    0.281989336    0.106831737
    0.279579133    0.107353628
    0.277189553    0.107878059
    0.273643374    0.108405061
    0.271304518    0.108934626
    0.268985659    0.109466776
    0.266686589    0.110001542
    0.263274819    0.110538900
    0.261024594    0.111078903
    0.258793592    0.111621529
    0.256581634    0.112166807
    0.253299147    0.112714760
    0.251134187    0.113265380
    0.248987734    0.113818683
    0.246859610    0.114374690
    0.243701473    0.114933431
    0.241618499    0.115494892
    0.239553362    0.116059087
    0.236488715    0.116626054
    0.234467417    0.117195778
    0.232463405    0.117768288
    0.230476514    0.118343607
    0.228506610    0.118921719
    0.225583270    0.119502671
    0.223655194    0.120086446
    0.221743584    0.120673075
    0.219848320    0.121262588
    0.217035756    0.121854961
    0.215180725    0.122450240
    0.213341549    0.123048417
    0.211518109    0.123649515
    0.209710240    0.124253564
    0.207027361    0.124860547
    0.205257878    0.125470504
    0.203503519    0.126083449
    0.201764166    0.126699373
    0.200039655    0.127318293
    0.197480515    0.127940252
    0.195792630    0.128565267
    0.194119170    0.129193306
    0.192460015    0.129824430
    0.189997822    0.130458638
    0.188373893    0.131095931
    0.186763838    0.131736353
    0.185167551    0.132379889
    0.183584914    0.133026585
    0.181236267    0.133676425
    0.179687217    0.134329438
    0.178151414    0.134985670
    0.176628739    0.135645077
    0.174369097    0.136307701
    0.172878742    0.136973590
    0.171401128    0.137642711
    0.169936150    0.138315111
    0.168483689    0.138990805
    0.167043641    0.139669776
    0.164906606    0.140352070
    0.163497135    0.141037703
    0.162099719    0.141726688
    0.160025939    0.142419025
    0.158658177    0.143114761
    0.157302111    0.143813893
    0.155957639    0.144516438
    0.154624641    0.145222425
    0.153303057    0.145931840
    0.151341811    0.146644726
    0.150048286    0.147361115
    0.148765802    0.148080975
    0.146862611    0.148804381
    0.145607367    0.149531290
    0.144362822    0.150261760
    0.143128932    0.150995821
    0.141905606    0.151733443
    0.140090168    0.152474687
    0.138892800    0.153219521
    0.137705669    0.153968006
    0.136528686    0.154720172
    0.134782046    0.155475989
    0.133630052    0.156235516
    0.132487908    0.156998739
    0.131355524    0.157765672
    0.130232811    0.158536375
    0.128566712    0.159310848
    0.127467841    0.160089090
    0.126378357    0.160871133
    0.125298187    0.161656991
    0.124227256    0.162446693
    0.122637987    0.163240284
    0.121589787    0.164037719
    0.120550551    0.164839044
    0.119520187    0.165644288
    0.117991142    0.166453496
    0.116982661    0.167266622
    0.115982801    0.168083757
    0.114991479    0.168904856
    0.114008635    0.169729963
    0.113034196    0.170559123
    0.111588120    0.171392307
    0.110634372    0.172229588
    0.109688766    0.173070937
    0.108751245    0.173916399
    0.107821733    0.174766004
    0.106900170    0.175619751
    0.105532579    0.176477656
    0.104630575    0.177339762
    0.103736289    0.178206101
    0.102849633    0.179076642
    0.101970568    0.179951444
    0.100666031    0.180830538
    0.099805631    0.181713894
    0.098952584    0.182601586
    0.098106824    0.183493629
    0.097268298    0.184389994
    0.096436933    0.185290754
    0.095612675    0.186195925
    0.094389483    0.187105507
    0.093582727    0.188019514
    0.092782870    0.188938007
    0.091989845    0.189861000
    0.090812996    0.190788478
    0.090036809    0.191720486
    0.089267254    0.192657083
    0.088504277    0.193598211
    0.087747820    0.194543973
    0.086997837    0.195494339
    0.085884854    0.196449339
    0.085150786    0.197409019
    0.084422991    0.198373377
    0.083701424    0.199342459
    0.082986020    0.200316265
    0.081924357    0.201294810
    0.081224144    0.202278182
    0.080529913    0.203266323
    0.079841614    0.204259276
    0.079159200    0.205257088
    0.078482620    0.206259817
    0.077811822    0.207267404
    0.076816358    0.208279908
    0.076159798    0.209297404
    0.075508855    0.210319817
    0.074863471    0.211347252
    0.073905729    0.212379709
    0.073274046    0.213417202
    0.072647765    0.214459777
    0.072026841    0.215507418
    0.071411215    0.216560185
    0.070800856    0.217618123
    0.069895089    0.218681201
    0.069297686    0.219749495
    0.068705395    0.220822975
    0.068118162    0.221901715
    0.067246713    0.222985744
    0.066671945    0.224075034
    0.066102095    0.225169659
    0.065537117    0.226269647
    0.064976960    0.227374986
    0.064421594    0.228485718
    0.063597441    0.229601875
    0.063053861    0.230723530
    0.062514938    0.231850624
    0.061715171    0.232983217
    0.061187685    0.234121382
    0.060664706    0.235265076
    0.060146198    0.236414358
    0.059632123    0.237569258
    0.058869235    0.238729820
    0.058366075    0.239896029
    0.057619385    0.241067931
    0.057126906    0.242245600
    0.056638636    0.243428975
    0.056154542    0.244618133
    0.055436142    0.245813131
    0.054962326    0.247013941
    0.054492556    0.248220623
    0.054026805    0.249433219
    0.053335626    0.250651717
    0.052879762    0.251876146
    0.052427795    0.253106594
    0.051757071    0.254343063
    0.051314700    0.255585521
    0.050876107    0.256834090
    0.050441265    0.258088768
    0.049795959    0.259349525
    0.049370348    0.260616511
    0.048948374    0.261889637
    0.048322167    0.263168961
    0.047909152    0.264454603
    0.047499668    0.265746474
    0.046891995    0.267044693
    0.046491206    0.268349200
    0.046093840    0.269660115
    0.045504149    0.270977437
    0.045115221    0.272301197
    0.044729616    0.273631424
    0.044347309    0.274968117
    0.043779965    0.276311368
    0.043405760    0.277661204
    0.043034766    0.279017568
    0.042484213    0.280380636
    0.042121097    0.281750292
    0.041761085    0.283126652
    0.041404147    0.284509748
    0.041050263    0.285899639
    0.040525097    0.287296265
    0.040178727    0.288699716
    0.039835315    0.290110022
    0.039494839    0.291527241
    0.038989570    0.292951405
    0.038656324    0.294382483
    0.038325936    0.295820534
    0.037835624    0.297265649
    0.037512239    0.298717827
    0.037191618    0.300177097
    0.036873735    0.301643491
    0.036558565    0.303117037
    0.036090862    0.304597795
    0.035782389    0.306085795
    0.035476554    0.307581037
    0.035022695    0.309083641
    0.034723353    0.310593516
    0.034426566    0.312110782
    0.034132320    0.313635498
    0.033695657    0.315167636
    0.033407658    0.316707253
    0.033122119    0.318254411
    0.032839023    0.319809109
    0.032558344    0.321371406
    0.032141816    0.322941333
    0.031867098    0.324518919
    0.031594727    0.326104254
    0.031324685    0.327697307
    0.030923940    0.329298109
    0.030659629    0.330906779
    0.030397579    0.332523257
    0.030137768    0.334147692
    0.029880177    0.335780025
    0.029624788    0.337420315
    0.029245792    0.339068651
    0.028995825    0.340725034
    0.028747994    0.342389494
    0.028502282    0.344062120
    0.028258670    0.345742881
    0.027897151    0.347431868
    0.027658712    0.349129081
    0.027422309    0.350834638
    0.027187929    0.352548480
    0.026955551    0.354270697
    0.026725158    0.356001347
    0.026383258    0.357740432
    0.026157757    0.359488040
    0.025934184    0.361244172
    0.025712522    0.363008887
    0.025492756    0.364782214
    0.025274865    0.366564214
    0.025058839    0.368354917
    0.024844659    0.370154351
    0.024526816    0.371962607
    0.024317183    0.373779684
    0.024109341    0.375605613
    0.023903277    0.377440482
    0.023698973    0.379284322
    0.023496415    0.381137133
    0.023195820    0.382999033
    0.022997564    0.384870023
    0.022801001    0.386750132
    0.022606118    0.388639450
    0.022412902    0.390538007
    0.022221336    0.392445832
    0.021937054    0.394362926
    0.021749556    0.396289438
    0.021563660    0.398225367
    0.021379353    0.400170714
    0.021196622    0.402125597
    0.021015447    0.404089987
    0.020835824    0.406064004
    0.020569269    0.408047676
    0.020393461    0.410041004
    0.020219155    0.412044108
    0.020046346    0.414056957
    0.019875007    0.416079670
    0.019705134    0.418112278
    0.019453041    0.420154810
    0.019286774    0.422207266
    0.019121928    0.424269795
    0.018958492    0.426342398
    0.018796451    0.428425133
    0.018635796    0.430518061
    0.018476509    0.432621151
    0.018240135    0.434734553
    0.018084235    0.436858267
    0.017929668    0.438992381
    0.017776420    0.441136867
    0.017624484    0.443291873
    0.017473845    0.445457369
    0.017324494    0.447633475
    0.017102858    0.449820220
    0.016956680    0.452017605
    0.016811749    0.454225779
    0.016668057    0.456444681
    0.016525593    0.458674461
    0.016314177    0.460915148
    0.016174739    0.463166744
    0.016036492    0.465429366
    0.015899425    0.467703044
    0.015763532    0.469987810
    0.015628800    0.472283721
    0.015428857    0.474590868
    0.015296984    0.476909310
    0.015166240    0.479239047
    0.015036613    0.481580168
    0.014908093    0.483932734
    0.014780672    0.486296773
    0.014591580    0.488672346
    0.014466864    0.491059572
    0.014343214    0.493458450
    0.014220621    0.495869011
    0.014099076    0.498291373
    0.013918703    0.500725567
    0.013799739    0.503171682
    0.013681792    0.505629718
    0.013564852    0.508099735
    0.013448912    0.510581851
    0.013276857    0.513076067
    0.013163378    0.515582502
    0.013050869    0.518101215
    0.012939323    0.520632207
    0.012828729    0.523175538
    0.012664608    0.525731266
    0.012556362    0.528299510
    0.012449042    0.530880332
    0.012342638    0.533473730
    0.012237145    0.536079764
    0.012080592    0.538698554
    0.011977338    0.541330159
    0.011874967    0.543974578
    0.011773470    0.546631992
    0.011672841    0.549302280
    0.011573073    0.551985681
    0.011425016    0.554682195
    0.011327364    0.557391882
    0.011230549    0.560114801
    0.011134560    0.562851012
    0.011039392    0.565600574
    0.010898163    0.568363607
    0.010805015    0.571140110
    0.010712664    0.573930144
    0.010621101    0.576733887
    0.010530321    0.579551280
    0.010395605    0.582382441
    0.010306752    0.585227430
    0.010218659    0.588086307
    0.010131320    0.590959132
    0.010044727    0.593846083
    0.009958873    0.596747041
    0.009873753    0.599662185
    0.009747436    0.602591574
    0.009664124    0.605535328
    0.009581524    0.608493388
    0.009499630    0.611465931
    0.009418435    0.614453018
    0.009337935    0.617454648
    0.009218473    0.620471001
    0.009139681    0.623502076
    0.009061564    0.626547933
    0.008984114    0.629608631
    0.008907326    0.632684350
    0.008831194    0.635775089
    0.008755713    0.638880908
    0.008643699    0.642001867
    0.008569820    0.645138144
    0.008496573    0.648289680
    0.008423952    0.651456654
    0.008351952    0.654639065
    0.008280567    0.657837033
    0.008209792    0.661050618
    0.008139622    0.664279938
    0.008070052    0.667524993
    0.007966810    0.670785904
    0.007898717    0.674062788
    0.007831206    0.677355647
    0.007764271    0.680664539
    0.007697910    0.683989704
    0.007632115    0.687331021
    0.007566882    0.690688670
    0.007502208    0.694062769
    0.007438085    0.697453320
    0.007374511    0.700860441
    0.007311481    0.704284191
    0.007248988    0.707724690
    0.007187031    0.711181998
    0.007095085    0.714656174
    0.007034443    0.718147337
    0.006974319    0.721655548
    0.006914709    0.725180924
    0.006855608    0.728723526
    0.006797012    0.732283354
    0.006738918    0.735860646
    0.006681319    0.739455402
    0.006624213    0.743067741
    0.006567596    0.746697664
    0.006511462    0.750345349
    0.006455808    0.754010856
    0.006400629    0.757694244
    0.006345923    0.761395633
    0.006291683    0.765115142
    0.006237908    0.768852770
    0.006184591    0.772608697
    0.006131731    0.776382923
    0.006079323    0.780175626
    0.006027362    0.783986866
    0.005975846    0.787816703
    0.005924770    0.791665256
    0.005874130    0.795532644
    0.005823923    0.799418867
    0.005774145    0.803324103
    0.005724793    0.807248414
    0.005675863    0.811191916
    0.005627351    0.815154612
    0.005579253    0.819136739
    0.005531567    0.823138297
    0.005507877    0.827159405
    0.005460800    0.831200182
    0.005414126    0.835260630
    0.005367851    0.839340985
    0.005321972    0.843441188
    0.005276484    0.847561538
    0.005231386    0.851701915
    0.005186672    0.855862558
    0.005142341    0.860043526
    0.005098386    0.864244938
    0.005054810    0.868466854
    0.005011606    0.872709394
    0.004968771    0.876972675
    0.004926303    0.881256759
    0.004905205    0.885561764
    0.004863279    0.889887810
    0.004821713    0.894234955
    0.004780501    0.898603380
    0.004739641    0.902993143
    0.004699131    0.907404363
    0.004658967    0.911837101
    0.004619147    0.916291535
    0.004579667    0.920767665
    0.004540524    0.925265729
    0.004521077    0.929785728
    0.004482436    0.934327841
    0.004444124    0.938892126
    0.004406139    0.943478703
    0.004368480    0.948087633
    0.004331142    0.952719152
    0.004294123    0.957373261
    0.004275733    0.962050140
    0.004239188    0.966749787
    0.004202954    0.971472442
    0.004167031    0.976218164
    0.004131415    0.980987072
    0.004113722    0.985779285
    0.004078561    0.990594923
    0.004043702    0.995434046
    0.004009140    1.000296831
    0.003974873    1.005183339
    0.003957850    1.010093808
    0.003924021    1.015028119
    0.003890483    1.019986629
    0.003857230    1.024969459
    0.003824262    1.029976487
    0.003807884    1.035007954
    0.003775338    1.040064096
    0.003743069    1.045144916
    0.003711077    1.050250530
    0.003695183    1.055381060
    0.003663600    1.060536742
    0.003632287    1.065717578
    0.003616731    1.070923686
    0.003585819    1.076155305
    0.003555170    1.081412315
    0.003524784    1.086695194
    0.003509688    1.092003822
    0.003479691    1.097338319
    0.003464788    1.102698922
    0.003435174    1.108085752
    0.003405813    1.113498807
    0.003391227    1.118938327
    0.003362242    1.124404430
    0.003333505    1.129897237
    0.003319228    1.135416865
    0.003290858    1.140963554
    0.003276764    1.146537304
    0.003248758    1.152138233
    0.003234844    1.157766461
    0.003207196    1.163422227
    0.003193460    1.169105649
    0.003166165    1.174816847
    0.003152605    1.180555940
    0.003125660    1.186323047
    0.003112274    1.192118406
    0.003085673    1.197942019
    0.003072458    1.203794003
    0.003059299    1.209674716
    0.003033151    1.215584040
    0.003020161    1.221522331
    0.002994347    1.227489591
    0.002981523    1.233485937
    0.002968754    1.239511609
    0.002943380    1.245566726
    0.002930774    1.251651406
    0.002918222    1.257765889
    0.002905725    1.263910174
    0.002880889    1.270084500
    0.002868551    1.276288986
    0.002856266    1.282523751
    0.002844033    1.288789034
    0.002831853    1.295084834
    0.002807649    1.301411510
    0.002795625    1.307768941
    0.002783652    1.314157605
    0.002771730    1.320577383
    0.002759859    1.327028513
    0.002748040    1.333511114
    0.002736271    1.340025425
    0.002724552    1.346571565
    0.002712884    1.353149772
    0.002701265    1.359759927
    0.002689696    1.366402507
    0.002678177    1.373077512
    0.002666707    1.379785061
    0.002655286    1.386525512
    0.002643914    1.393298745
    0.002632591    1.400105238
    0.002632591    1.406944752
    0.002621317    1.413817883
    0.002610090    1.420724392
    0.002598912    1.427664876
    0.002587782    1.434639096
    0.002587782    1.441647410
    0.002576699    1.448689938
    0.002565664    1.455766916
    0.002565664    1.462878585
    0.002554676    1.470024824
    0.002554676    1.477205992
    0.002543735    1.484422207
    0.002543735    1.491673827
    0.002532840    1.498960733
    0.002532840    1.506283402
    0.002521993    1.513641715
    0.002521993    1.521035910
    0.002511192    1.528466344
    0.002511192    1.535933018
    0.002511192    1.543436289
    0.002500437    1.550976038
    0.002500437    1.558552623
    0.002500437    1.566166401
    0.002500437    1.573817253
    0.002489729    1.581505537
    0.002489729    1.589231253
    0.002489729    1.596994758
    0.002489729    1.604796290
    0.002489729    1.612635851
    0.002489729    1.620513797
    0.002489729    1.628430128
    0.002489729    1.636385083
    0.002489729    1.644379020
    0.002489729    1.652411938
    0.002489729    1.660484076
    0.002489729    1.668595791
    0.002500437    1.676746964
    0.002500437    1.684937954
    0.002500437    1.693169117
    0.002511192    1.701440334
    0.002511192    1.709752083
    0.002511192    1.718104362
    0.002521993    1.726497412
    0.002521993    1.734931588
    0.002521993    1.743406892
    0.002532840    1.751923561
    0.002532840    1.760481834
    0.002543735    1.769081950
    0.002554676    1.777724028
    0.002565664    1.786408424
    0.002565664    1.795135260
    0.002576699    1.803904653
    0.002587782    1.812716842
    0.002598912    1.821572065
    0.002598912    1.830470562
    0.002610090    1.839412570
    0.002621317    1.848398328
    0.002643914    1.857427835
    0.002655286    1.866501570
    0.002666707    1.875619531
    0.002678177    1.884782195
    0.002689696    1.893989563
    0.002701265    1.903241754
    0.002724552    1.912539363
    0.002736271    1.921882272
    0.002748040    1.931270838
    0.002771730    1.940705180
    0.002783652    1.950185776
    0.002807649    1.959712625
    0.002819725    1.969285965
    0.002844033    1.978906155
    0.002868551    1.988573313
    0.002880889    1.998287678
    0.002905725    2.008049488
    0.002930774    2.017858982
    0.002943380    2.027716398
    0.002968754    2.037621975
    0.002994347    2.047576189
    0.003020161    2.057578564
    0.003046197    2.067630053
    0.003072458    2.077730656
    0.003112274    2.087880611
    0.003139104    2.098079920
    0.003166165    2.108329296
    0.003193460    2.118628740
    0.003220990    2.128978491
    0.003248758    2.139378786
    0.003290858    2.149829626
    0.003319228    2.160331726
    0.003347842    2.170885086
    0.003391227    2.181490183
    0.003420462    2.192147017
    0.003464788    2.202855587
    0.003494657    2.213616848
    0.003539945    2.224430561
    0.003585819    2.235297203
    0.003616731    2.246216774
    0.003663600    2.257189751
    0.003695183    2.268216372
    0.003743069    2.279296637
    0.003775338    2.290431261
    0.003824262    2.301620245
    0.003873821    2.312863827
    0.003924021    2.324162245
    0.003974873    2.335516214
    0.004009140    2.346925259
    0.004061094    2.358390331
    0.004096104    2.369911194
    0.004149185    2.381488562
    0.004202954    2.393122196
    0.004239188    2.404812813
    0.004294123    2.416560650
    0.004349770    2.428365707
    0.004387269    2.440228462
    0.004444124    2.452149153
    0.004501715    2.464128256
    0.004540524    2.476165771
    0.004579667    2.488262177
    0.004639014    2.500417471
    0.004679006    2.512632370
    0.004719343    2.524906635
    0.004760027    2.537241220
    0.004821713    2.549635649
    0.004863279    2.562090874
    0.004926303    2.574606895
    0.004968771    2.587184191
    0.005011606    2.599822760
    0.005033161    2.612523079
    0.005076551    2.625285625
    0.005120318    2.638110161
    0.005142341    2.650997639
    0.005186672    2.663948059
    0.005231386    2.676961660
    0.005276484    2.690038919
    0.005321972    2.703179836
    0.005344862    2.716385126
    0.005390939    2.729655027
    0.005414126    2.742989540
    0.005437413    2.756389141
    0.005460800    2.769854307
    0.005484288    2.783385277
    0.005507877    2.796982527
    0.005531567    2.810645819
    0.005555359    2.824376345
    0.005603251    2.838173389
    0.005627351    2.852038145
    0.005651555    2.865970850
    0.005651555    2.879971266
    0.005675863    2.894040108
    0.005700276    2.908177614
    0.005700276    2.922384501
    0.005724793    2.936660528
    0.005749417    2.951006413
    0.005749417    2.965422392
    0.005774145    2.979908705
    0.005798981    2.994465828
    0.005798981    3.009094238
    0.005823923    3.023793936
    0.005823923    3.038565397
    0.005823923    3.053409100
    0.005848973    3.068325281
    0.005848973    3.083314419
    0.005874130    3.098376751
    0.005874130    3.113512516
    0.005899395    3.128722429
    0.005899395    3.144006491
    0.005899395    3.159365416
    0.005924770    3.174799204
    0.005924770    3.190308094
    0.005950253    3.205893517
    0.005950253    3.221554279
    0.005950253    3.237291813
    0.005975846    3.253106117
    0.005975846    3.268998146
    0.006001549    3.284967184
    0.006001549    3.301014423
    0.006001549    3.317140102
    0.006027362    3.333344460
    0.006027362    3.349628448
    0.006053287    3.365991592
    0.006053287    3.382434607
    0.006079323    3.398957968
    0.006079323    3.415562391
    0.006105471    3.432247639
    0.006105471    3.449014664
    0.006131731    3.465863228
    0.006131731    3.482794285
    0.006158105    3.499808311
    0.006158105    3.516905069
    0.006184591    3.534085751
    0.006211192    3.551349878
    0.006211192    3.568698406
    0.006237908    3.586132050
    0.006237908    3.603650570
    0.006264738    3.621254921
    0.006264738    3.638945103
    0.006291683    3.656721354
    0.006291683    3.674585104
    0.006291683    3.692535639
    0.006291683    3.710574389
    0.006318745    3.728700638
    0.006318745    3.746915579
    0.006318745    3.765219927
    0.006345923    3.783613205
    0.006345923    3.802096367
    0.006345923    3.820669651
    0.006345923    3.839334249
    0.006318745    3.858089685
    0.006318745    3.876936674
    0.006291683    3.895876169
    0.006291683    3.914907694
    0.006264738    3.934032202
    0.006264738    3.953250647
    0.006264738    3.972562313
    0.006237908    3.991968632
    0.006237908    4.011469841
    0.006184591    4.031066418
    0.006158105    4.050758362
    0.006105471    4.070546150
    0.006079323    4.090431690
    0.006053287    4.110413551
    0.006001549    4.130493164
    0.005975846    4.150671482
    0.005924770    4.170947552
    0.005899395    4.191322803
    0.005848973    4.211797714
    0.005798981    4.232372761
    0.005749417    4.253048420
    0.005700276    4.273824692
    0.005651555    4.294703007
    0.005603251    4.315682888
    0.005555359    4.336765289
    0.005507877    4.357951164
    0.005437413    4.379240036
    0.005390939    4.400632381
    0.005344862    4.422130585
    0.005299179    4.443732738
    0.005253886    4.465440750
    0.005208981    4.487254620
    0.005142341    4.509175301
    0.005098386    4.531202793
    0.005054810    4.553338051
    0.005011606    4.575582027
    0.004968771    4.597933769
    0.004905205    4.620395660
    0.004863279    4.642966747
    0.004821713    4.665647507
    0.004801062    4.688440323
    0.004760027    4.711343288
    0.004719343    4.734359264
    0.004679006    4.757486820
    0.004658967    4.780727386
    0.004619147    4.804081917
    0.004579667    4.827549934
    0.004540524    4.851133347
    0.004501715    4.874831676
    0.004482436    4.898645401
    0.004482436    4.922575951
    0.004463239    4.946622849
    0.004444124    4.970788002
    0.004425091    4.995070934
    0.004406139    5.019471645
    0.004387269    5.043992996
    0.004368480    5.068633080
    0.004349770    5.093393326
    0.004331142    5.118275166
    0.004331142    5.143278599
    0.004331142    5.168403625
    0.004349770    5.193651676
    0.004349770    5.219023705
    0.004349770    5.244518757
    0.004349770    5.270138264
    0.004349770    5.295884132
    0.004349770    5.321754456
    0.004368480    5.347751617
    0.004368480    5.373876572
    0.004387269    5.400127888
    0.004406139    5.426507950
    0.004425091    5.453016758
    0.004463239    5.479655743
    0.004482436    5.506423950
    0.004501715    5.533322811
    0.004540524    5.560354233
    0.004560053    5.587516785
    0.004579667    5.614812851
    0.004619147    5.642241478
    0.004639014    5.669804096
    0.004679006    5.697502136
    0.004699131    5.725334644
    0.004739641    5.753304005
    0.004780501    5.781409264
    0.004801062    5.809651375
    0.004842451    5.838032722
    0.004884197    5.866551876
    0.004905205    5.895210266
    0.004947491    5.924008369
    0.004968771    5.952948093
    0.004968771    5.982028961
    0.004990143    6.011250973
    0.005011606    6.040617466
    0.005033161    6.070126057
    0.005033161    6.099778652
    0.005054810    6.129577160
    0.005076551    6.159520626
    0.005098386    6.189610004
    0.005098386    6.219847202
    0.005098386    6.250231743
    0.005076551    6.280764103
    0.005076551    6.311446190
    0.005054810    6.342278481
    0.005054810    6.373260975
    0.005033161    6.404394627
    0.005033161    6.435681343
    0.005011606    6.467119694
    0.004990143    6.498713017
    0.004990143    6.530459404
    0.004968771    6.562360764
    0.004947491    6.594419479
    0.004926303    6.626633167
    0.004905205    6.659005642
    0.004863279    6.691534996
    0.004842451    6.724223614
    0.004821713    6.757072449
    0.004801062    6.790081024
    0.004780501    6.823251247
    0.004760027    6.856583118
    0.004739641    6.890078545
    0.004719343    6.923737049
    0.004699131    6.957559586
    0.004699131    6.991548538
    0.004679006    7.025702477
    0.004658967    7.060023308
    0.004639014    7.094512939
    0.004619147    7.129169941
    0.004599364    7.163996220
    0.004579667    7.198993683
    0.004579667    7.234160900
    0.004579667    7.269500256
    0.004579667    7.305012226
    0.004579667    7.340698242
    0.004579667    7.376557827
    0.004579667    7.412592888
    0.004579667    7.448804855
    0.004579667    7.485192299
    0.004579667    7.521759033
    0.004579667    7.558503151
    0.004599364    7.595426559
    0.004619147    7.632531643
    0.004639014    7.669816971
    0.004658967    7.707285404
    0.004679006    7.744935989
    0.004699131    7.782770157
    0.004719343    7.820790291
    0.004760027    7.858995438
    0.004780501    7.897386551
    0.004801062    7.935966015
    0.004842451    7.974734306
    0.004884197    8.013690948
    0.004926303    8.052838326
    0.004968771    8.092178345
    0.005033161    8.131709099
    0.005076551    8.171432495
    0.005120318    8.211351395
    0.005164459    8.251463890
    0.005231386    8.291772842
    0.005276484    8.332280159
    0.005321972    8.372982979
    0.005367851    8.413886070
    0.005414126    8.454988480
    0.005460800    8.496292114
    0.005507877    8.537796974
    0.005555359    8.579504013
    0.005603251    8.621417046
    0.005651555    8.663533211
    0.005700276    8.705855370
    0.005774145    8.748384476
    0.005798981    8.791120529
    0.005823923    8.834066391
    0.005848973    8.877221107
    0.005874130    8.920588493
    0.005924770    8.964165688
    0.005950253    9.007956505
    0.005975846    9.051961899
    0.006001549    9.096180916
    0.006027362    9.140616417
    0.006079323    9.185268402
    0.006079323    9.230139732
    0.006105471    9.275229454
    0.006105471    9.320539474
    0.006131731    9.366071701
    0.006131731    9.411826134
    0.006158105    9.457802773
    0.006158105    9.504006386
    0.006184591    9.550433159
    0.006184591    9.597087860
    0.006211192    9.643971443
    0.006184591    9.691082954
    0.006184591    9.738424301
    0.006184591    9.785996437
    0.006158105    9.833803177
    0.006158105    9.881841660
    0.006158105    9.930114746
    0.006158105    9.978625298
    0.006131731   10.027371407
    0.006131731   10.076356888
    0.006131731   10.125581741
    0.006105471   10.175044060
    0.006105471   10.224750519
    0.006079323   10.274700165
    0.006079323   10.324891090
    0.006079323   10.375330925
    0.006053287   10.426015854
    0.006053287   10.476945877
    0.006027362   10.528127670
    0.006027362   10.579556465
    0.006027362   10.631239891
    0.006027362   10.683175087
    0.006027362   10.735361099
    0.006053287   10.787805557
    0.006079323   10.840502739
    0.006079323   10.893461227
    0.006105471   10.946677208
    0.006105471   11.000150681
    0.006131731   11.053888321
    0.006131731   11.107889175
    0.006158105   11.162149429
    0.006158105   11.216678619
    0.006158105   11.271474838
    0.006158105   11.326538086
    0.006158105   11.381866455
    0.006158105   11.437469482
    0.006158105   11.493343353
    0.006158105   11.549487114
    0.006158105   11.605908394
    0.006158105   11.662605286
    0.006131731   11.719579697
    0.006105471   11.776828766
    0.006079323   11.834360123
    0.006027362   11.892173767
    0.006001549   11.950265884
    0.005950253   12.008645058
    0.005924770   12.067309380
    0.005874130   12.126256943
    0.005848973   12.185495377
    0.005823923   12.245023727
    0.005774145   12.304840088
    0.005749417   12.364951134
    0.005700276   12.425355911
    0.005675863   12.486056328
    0.005627351   12.547049522
    0.005603251   12.608344078
    0.005579253   12.669938087
    0.005531567   12.731829643
    0.005507877   12.794027328
    0.005484288   12.856524467
    0.005437413   12.919331551
    0.005460800   12.982444763
    0.005460800   13.045862198
    0.005460800   13.109593391
    0.005484288   13.173632622
    0.005484288   13.237988472
    0.005484288   13.302658081
    0.005484288   13.367640495
    0.005507877   13.432944298
    0.005507877   13.498566628
    0.005507877   13.564509392
    0.005555359   13.630770683
    0.005579253   13.697359085
    0.005627351   13.764273643
    0.005675863   13.831510544
    0.005700276   13.899080276
    0.005749417   13.966979980
    0.005774145   14.035206795
    0.005823923   14.103771210
    0.005874130   14.172671318
    0.005899395   14.241903305
    0.005950253   14.311477661
    0.005975846   14.381391525
    0.006027362   14.451647758
    0.006053287   14.522242546
    0.006105471   14.593186378
    0.006131731   14.664476395
    0.006184591   14.736110687
    0.006211192   14.808099747
    0.006264738   14.880439758
    0.006318745   14.953133583
    0.006318745   15.026178360
    0.006318745   15.099583626
    0.006345923   15.173347473
    0.006345923   15.247467995
    0.006345923   15.321954727
    0.006345923   15.396805763
    0.006373217   15.472017288
    0.006373217   15.547600746
    0.006373217   15.623549461
    0.006373217   15.699872971
    0.006345923   15.776570320
    0.006318745   15.853636742
    0.006291683   15.931084633
    0.006264738   16.008907318
    0.006211192   16.087112427
    0.006184591   16.165700912
    0.006158105   16.244668961
    0.006105471   16.324028015
    0.006079323   16.403774261
    0.006053287   16.483903885
    0.006027362   16.564432144
    0.006027362   16.645351410
    0.006027362   16.726667404
    0.006001549   16.808374405
    0.006001549   16.890487671
    0.005975846   16.972999573
    0.005975846   17.055912018
    0.005950253   17.139232635
    0.005950253   17.222955704
    0.005924770   17.307094574
    0.005950253   17.391641617
    0.005950253   17.476598740
    0.005975846   17.561975479
    0.005975846   17.647764206
    0.006001549   17.733976364
    0.006001549   17.820610046
    0.006027362   17.907661438
    0.006027362   17.995143890
    0.006053287   18.083053589
    0.006053287   18.171392441
    0.006079323   18.260158539
    0.006105471   18.349361420
    0.006105471   18.439002991
    0.006131731   18.529075623
    0.006158105   18.619592667
    0.006158105   18.710552216
    0.006184591   18.801952362
    0.006211192   18.893802643
    0.006237908   18.986103058
    0.006237908   19.078847885
    0.006237908   19.172052383
    0.006237908   19.265710831
    0.006237908   19.359827042
    0.006237908   19.454397202
    0.006211192   19.549436569
    0.006211192   19.644939423
    0.006211192   19.740901947
    0.006211192   19.837339401
    0.006211192   19.934244156
    0.006184591   20.031625748
    0.006211192   20.129484177
    0.006211192   20.227815628
    0.006211192   20.326631546
    0.006211192   20.425924301
    0.006211192   20.525709152
    0.006211192   20.625982285
    0.006211192   20.726737976
    0.006237908   20.827991486
    0.006237908   20.929738998
    0.006237908   21.031984329
    0.006237908   21.134723663
    0.006211192   21.237972260
    0.006211192   21.341722488
    0.006211192   21.445974350
    0.006211192   21.550743103
    0.006184591   21.656021118
    0.006184591   21.761810303
    0.006184591   21.868120193
    0.006184591   21.974948883
    0.006158105   22.082294464
    0.006158105   22.190170288
    0.006131731   22.298574448
    0.006105471   22.407506943
    0.006105471   22.516965866
    0.006079323   22.626964569
    0.006079323   22.737501144
    0.006053287   22.848571777
    0.006027362   22.960191727
    0.006027362   23.072349548
    0.006001549   23.185062408
    0.006027362   23.298326492
    0.006053287   23.412136078
    0.006053287   23.526508331
    0.006079323   23.641433716
    0.006105471   23.756925583
    0.006131731   23.872982025
    0.006158105   23.989599228
    0.006184591   24.106792450
    0.006184591   24.224559784
    0.006211192   24.342901230
    0.006211192   24.461812973
    0.006184591   24.581314087
    0.006158105   24.701398849
    0.006131731   24.822061539
    0.006131731   24.943323135
    0.006105471   25.065174103
    0.006079323   25.187616348
    0.006053287   25.310661316
    0.006053287   25.434309006
    0.006027362   25.558553696
    0.006053287   25.683410645
    0.006079323   25.808879852
    0.006105471   25.934961319
    0.006131731   26.061651230
    0.006158105   26.188966751
    0.006184591   26.316904068
    0.006211192   26.445459366
    0.006237908   26.574649811
    0.006264738   26.704473495
    0.006291683   26.834928513
    0.006291683   26.966014862
    0.006264738   27.097747803
    0.006237908   27.230125427
    0.006211192   27.363142014
    0.006184591   27.496816635
    0.006184591   27.631143570
    0.006158105   27.766119003
    0.006131731   27.901762009
    0.006105471   28.038059235
    0.006079323   28.175029755
    0.006079323   28.312669754
    0.006079323   28.450975418
    0.006079323   28.589963913
    0.006079323   28.729621887
    0.006079323   28.869972229
    0.006105471   29.011007309
    0.006105471   29.152723312
    0.006105471   29.295139313
    0.006105471   29.438251495
    0.006105471   29.582054138
    0.006105471   29.726568222
    0.006131731   29.871788025
    0.006158105   30.017717361
    0.006158105   30.164350510
    0.006184591   30.311708450
    0.006211192   30.459787369
    0.006211192   30.608579636
    0.006237908   30.758108139
    0.006264738   30.908367157
    0.006264738   31.059360504
    0.006237908   31.211082458
    0.006211192   31.363554001
    0.006184591   31.516771317
    0.006158105   31.670726776
    0.006131731   31.825445175
    0.006079323   31.980916977
    0.006053287   32.137142181
    0.006027362   32.294136047
    0.006001549   32.451889038
    0.005975846   32.610424042
    0.006001549   32.769733429
    0.006027362   32.929809570
    0.006053287   33.090675354
    0.006079323   33.252323151
    0.006131731   33.414764404
    0.006158105   33.578002930
    0.006184591   33.742027283
    0.006237908   33.906864166
    0.006264738   34.072505951
    0.006291683   34.238945007
    0.006264738   34.406208038
    0.006237908   34.574291229
    0.006211192   34.743190765
    0.006184591   34.912910461
    0.006158105   35.083465576
    0.006131731   35.254852295
    0.006131731   35.427070618
    0.006105471   35.600139618
    0.006079323   35.774040222
    0.006053287   35.948802948
    0.006053287   36.124420166
    0.006079323   36.300884247
    0.006079323   36.478221893
    0.006105471   36.656414032
    0.006131731   36.835487366
    0.006131731   37.015434265
    0.006158105   37.196250916
    0.006184591   37.377964020
    0.006184591   37.560562134
    0.006211192   37.744049072
    0.006211192   37.928428650
    0.006184591   38.113712311
    0.006184591   38.299907684
    0.006158105   38.486999512
    0.006131731   38.675014496
    0.006131731   38.863948822
    0.006105471   39.053794861
    0.006105471   39.244579315
    0.006079323   39.436298370
    0.006079323   39.628940582
    0.006079323   39.822532654
    0.006079323   40.017074585
    0.006079323   40.212566376
    0.006105471   40.409000397
    0.006105471   40.606403351
    0.006105471   40.804775238
    0.006105471   41.004100800
    0.006131731   41.204414368
    0.006131731   41.405704498
    0.006131731   41.607978821
    0.006131731   41.811229706
    0.006158105   42.015487671
    0.006158105   42.220737457
    0.006184591   42.426982880
    0.006184591   42.634246826
    0.006184591   42.842521667
    0.006211192   43.051803589
    0.006211192   43.262119293
    0.006237908   43.473453522
    0.006237908   43.685829163
    0.006211192   43.899242401
    0.006184591   44.113685608
    0.006131731   44.329189301
    0.006105471   44.545730591
    0.006079323   44.763343811
    0.006053287   44.982021332
    0.006001549   45.201755524
    0.005975846   45.422573090
    0.005950253   45.644470215
    0.005924770   45.867439270
    0.005950253   46.091510773
    0.005975846   46.316677094
    0.006027362   46.542942047
    0.006053287   46.770298004
    0.006105471   46.998783112
    0.006158105   47.228378296
    0.006184591   47.459083557
    0.006237908   47.690929413
    0.006264738   47.923908234
    0.006318745   48.158027649
    0.006318745   48.393276215
    0.006291683   48.629684448
    0.006291683   48.867248535
    0.006291683   49.105960846
    0.006264738   49.345851898
    0.006264738   49.586914062
    0.006264738   49.829143524
    0.006237908   50.072566986
    0.006237908   50.317169189
    0.006211192   50.562976837
    0.006211192   50.809986115
    0.006237908   51.058185577
    0.006237908   51.307617188
    0.006237908   51.558246613
    0.006237908   51.810119629
    0.006237908   52.063220978
    0.006237908   52.317546844
    0.006237908   52.573127747
    0.006237908   52.829956055
    0.006237908   53.088024139
    0.006237908   53.347370148
    0.006211192   53.607982635
    0.006211192   53.869865417
    0.006184591   54.133014679
    0.006184591   54.397464752
    0.006158105   54.663204193
    0.006158105   54.930229187
    0.006158105   55.198574066
    0.006131731   55.468231201
    0.006131731   55.739200592
    0.006131731   56.011482239
    0.006105471   56.285110474
    0.006105471   56.560070038
    0.006105471   56.836360931
    0.006105471   57.114017487
    0.006105471   57.393032074
    0.006105471   57.673389435
    0.006105471   57.955135345
    0.006105471   58.238239288
    0.006079323   58.522743225
    0.006105471   58.808639526
    0.006105471   59.095912933
    0.006131731   59.384609222
    0.006131731   59.674694061
    0.006158105   59.966217041
    0.006158105   60.259162903
    0.006158105   60.553524017
    0.006184591   60.849338531
    0.006184591   61.146598816
    0.006211192   61.445293427
    0.006211192   61.745464325
    0.006237908   62.047103882
    0.006264738   62.350215912
    0.006264738   62.654788971
    0.006291683   62.960868835
    0.006318745   63.268444061
    0.006318745   63.577503204
    0.006345923   63.888092041
    0.006373217   64.200195312
    0.006373217   64.513824463
    0.006373217   64.828971863
    0.006373217   65.145675659
    0.006345923   65.463920593
    0.006345923   65.783706665
    0.006345923   66.105072021
    0.006318745   66.428009033
    0.006318745   66.752502441
    0.006318745   67.078598022
    0.006291683   67.406272888
    0.006291683   67.735565186
    0.006291683   68.066467285
    0.006291683   68.398963928
    0.006264738   68.733100891
    0.006264738   69.068855286
    0.006264738   69.406272888
    0.006264738   69.745330811
    0.006264738   70.086036682
    0.006237908   70.428413391
    0.006237908   70.772468567
    0.006237908   71.118186951
    0.006237908   71.465614319
    0.006237908   71.814735413
    0.006237908   72.165565491
    0.006211192   72.518089294
    0.006211192   72.872352600
    0.006211192   73.228347778
    0.006211192   73.586059570
    0.006211192   73.945541382
    0.006184591   74.306777954
    0.006184591   74.669776917
    0.006211192   75.034530640
    0.006237908   75.401092529
    0.006264738   75.769439697
    0.006264738   76.139564514
    0.006291683   76.511520386
    0.006318745   76.885292053
    0.006345923   77.260871887
    0.006373217   77.638305664
    0.006373217   78.017562866
    0.006400629   78.398689270
    0.006400629   78.781684875
    0.006373217   79.166519165
    0.006373217   79.553268433
    0.006345923   79.941879272
    0.006345923   80.332405090
    0.006318745   80.724845886
    0.006318745   81.119178772
    0.006291683   81.515457153
    0.006291683   81.913681030
    0.006264738   82.313819885
    0.006264738   82.715934753
    0.006237908   83.120018005
    0.006237908   83.526077271
    0.006211192   83.934089661
    0.006211192   84.344123840
    0.006184591   84.756164551
    0.006158105   85.170188904
    0.006158105   85.586257935
    0.006131731   86.004364014
    0.006131731   86.424507141
    0.006131731   86.846687317
    0.006131731   87.270950317
    0.006131731   87.697280884
    0.006158105   88.125671387
    0.006158105   88.556182861
    0.006158105   88.988800049
    0.006184591   89.423500061
    0.006184591   89.860351562
    0.006184591   90.299308777
    0.006184591   90.740440369
    0.006211192   91.183723450
    0.006211192   91.629142761
    0.006211192   92.076766968
    0.006211192   92.526557922
    0.006211192   92.978561401
    0.006211192   93.432785034
    0.006211192   93.889190674
    0.006211192   94.347854614
    0.006211192   94.808761597
    0.006211192   95.271896362
    0.006211192   95.737312317
    0.006237908   96.205009460
    0.006237908   96.674987793
    0.006237908   97.147239685
    0.006237908   97.621818542
    0.006237908   98.087326050
    0.006237908   98.555084229
    0.006264738   99.025047302
    0.006264738   99.497253418
    0.006264738   99.971733093
    0.006264738  100.448417664
    0.006264738  100.927436829
    0.006264738  101.408737183
    0.006264738  101.892280579
