    0.962330759    0.021921469
    0.954105616    0.022028554
    0.945950806    0.022136167
    0.933849037    0.022244301
    0.925867319    0.022352967
    0.914022505    0.022462167
    0.906210244    0.022571892
    0.898464799    0.022682160
    0.886970520    0.022792965
    0.879389524    0.022904307
    0.871873260    0.023016199
    0.860719204    0.023128638
    0.853362560    0.023241624
    0.846068799    0.023355158
    0.835244834    0.023469253
    0.828105927    0.023583904
    0.817511797    0.023699109
    0.810524404    0.023814883
    0.803596735    0.023931224
    0.793316126    0.024048131
    0.786535621    0.024165604
    0.779812992    0.024283659
    0.769836664    0.024402289
    0.763256848    0.024521491
    0.756733179    0.024641283
    0.747052133    0.024761660
    0.740666986    0.024882618
    0.734336436    0.025004175
    0.724941909    0.025126318
    0.718745768    0.025249064
    0.712602556    0.025372410
    0.703486085    0.025496352
    0.697473347    0.025620906
    0.691511989    0.025746062
    0.682665288    0.025871836
    0.676830471    0.025998225
    0.671045542    0.026125224
    0.665310025    0.026252851
    0.656798542    0.026381100
    0.651184857    0.026509969
    0.645619094    0.026639475
    0.640100956    0.026769614
    0.631911993    0.026900388
    0.626510978    0.027031794
    0.621156096    0.027163850
    0.615846992    0.027296551
    0.607968330    0.027429890
    0.602771997    0.027563890
    0.597620010    0.027698545
    0.592512131    0.027833859
    0.584931970    0.027969824
    0.579932511    0.028106460
    0.574975729    0.028243767
    0.567619920    0.028381735
    0.562768459    0.028520385
    0.557958424    0.028659711
    0.553189456    0.028799711
    0.546112418    0.028940404
    0.541444719    0.029081782
    0.536816955    0.029223844
    0.529949307    0.029366609
    0.525419772    0.029510070
    0.520929039    0.029654231
    0.516476572    0.029799089
    0.509869158    0.029944664
    0.505511284    0.030090949
    0.501190603    0.030237939
    0.494778752    0.030385658
    0.490549833    0.030534096
    0.486357033    0.030683262
    0.482200116    0.030833146
    0.476031214    0.030983772
    0.471962541    0.031135133
    0.467928618    0.031287227
    0.461942315    0.031440068
    0.457994044    0.031593658
    0.454079509    0.031747993
    0.448270380    0.031903088
    0.444438964    0.032058928
    0.440640271    0.032215543
    0.435003072    0.032372922
    0.431285053    0.032531060
    0.427598804    0.032689981
    0.423944086    0.032849669
    0.418520480    0.033010144
    0.414943337    0.033171404
    0.411396772    0.033333443
    0.407880515    0.033496283
    0.402662396    0.033659913
    0.399220794    0.033824347
    0.395808607    0.033989582
    0.392425597    0.034155618
    0.389071494    0.034322474
    0.384094059    0.034490138
    0.380811155    0.034658629
    0.377556324    0.034827944
    0.374329329    0.034998074
    0.369540423    0.035169046
    0.366381913    0.035340853
    0.363250405    0.035513490
    0.360145688    0.035686977
    0.355538249    0.035861317
    0.352499425    0.036036506
    0.349486589    0.036212541
    0.345015526    0.036389444
    0.342066646    0.036567215
    0.339142978    0.036745843
    0.336244285    0.036925353
    0.331942618    0.037105739
    0.329105496    0.037287008
    0.326292574    0.037469149
    0.323503733    0.037652194
    0.319365084    0.037836131
    0.316635430    0.038020957
    0.313929111    0.038206697
    0.309912950    0.038393345
    0.307264090    0.038580891
    0.304637879    0.038769364
    0.302034110    0.038958762
    0.298170120    0.039149072
    0.295621634    0.039340321
    0.293094933    0.039532505
    0.289345294    0.039725628
    0.286872238    0.039919686
    0.284420311    0.040114701
    0.280781657    0.040310670
    0.278381795    0.040507581
    0.276002377    0.040705469
    0.272471428    0.040904310
    0.270142585    0.041104134
    0.267833650    0.041304938
    0.265544444    0.041506708
    0.262147278    0.041709475
    0.259906679    0.041913223
    0.257685244    0.042117976
    0.255482763    0.042323731
    0.252214372    0.042530477
    0.250058651    0.042738248
    0.247921392    0.042947032
    0.245802373    0.043156836
    0.242657736    0.043367650
    0.240583718    0.043579511
    0.238527432    0.043792404
    0.236488715    0.044006325
    0.233463258    0.044221304
    0.231467828    0.044437334
    0.229489446    0.044654407
    0.227527976    0.044872552
    0.224617153    0.045091763
    0.222697333    0.045312032
    0.220793918    0.045533389
    0.218906775    0.045755826
    0.216106251    0.045979351
    0.214259163    0.046203956
    0.212427869    0.046429671
    0.210612223    0.046656489
    0.207917824    0.046884403
    0.206140727    0.047113441
    0.204378828    0.047343586
    0.202631980    0.047574867
    0.200039655    0.047807280
    0.198329896    0.048040811
    0.196634755    0.048275501
    0.970626831    0.048275501
    0.194954097    0.048511323
    0.962330759    0.048511323
    0.192460015    0.048748307
    0.954105616    0.048748307
    0.190815032    0.048986454
    0.941899538    0.048986454
    0.189184114    0.049225748
    0.933849037    0.049225748
    0.186763838    0.049466223
    0.925867319    0.049466223
    0.185167551    0.049707875
    0.917953849    0.049707875
    0.183584914    0.049950708
    0.910108030    0.049950708
    0.181236267    0.050194710
    0.898464799    0.050194710
    0.179687217    0.050439920
    0.890785515    0.050439920
    0.178151414    0.050686330
    0.879389524    0.050686330
    0.176628739    0.050933927
    0.871873260    0.050933927
    0.174369097    0.051182751
    0.864421308    0.051182751
    0.172878742    0.051432785
    0.853362560    0.051432785
    0.171401128    0.051684029
    0.846068799    0.051684029
    0.169936150    0.051936515
    0.838837385    0.051936515
    0.167762116    0.052190237
    0.831667721    0.052190237
    0.166328236    0.052445181
    0.824559391    0.052445181
    0.164906606    0.052701384
    0.814010620    0.052701384
    0.162796929    0.052958839
    0.807053149    0.052958839
    0.161405489    0.053217553
    0.796728313    0.053217553
    0.160025939    0.053477515
    0.789918602    0.053477515
    0.158658177    0.053738765
    0.783167064    0.053738765
    0.156628430    0.054001287
    0.776473284    0.054001287
    0.155289710    0.054265078
    0.766539693    0.054265078
    0.153962433    0.054530174
    0.759988010    0.054530174
    0.152646497    0.054796547
    0.753492296    0.054796547
    0.151341811    0.055064239
    0.747052133    0.055064239
    0.149405673    0.055333238
    0.737494946    0.055333238
    0.148128688    0.055603534
    0.731191456    0.055603534
    0.146862611    0.055875167
    0.724941909    0.055875167
    0.145607367    0.056148112
    0.715667546    0.056148112
    0.143744558    0.056422409
    0.709550738    0.056422409
    0.142515957    0.056698039
    0.703486085    0.056698039
    0.141297862    0.056975007
    0.694486260    0.056975007
    0.140090168    0.057253338
    0.688550413    0.057253338
    0.138297960    0.057533033
    0.682665288    0.057533033
    0.137115926    0.057814091
    0.676830471    0.057814091
    0.135943979    0.058096506
    0.671045542    0.058096506
    0.134782046    0.058380321
    0.662460685    0.058380321
    0.133630052    0.058665518
    0.656798542    0.058665518
    0.131920502    0.058952093
    0.648396015    0.058952093
    0.130792961    0.059240084
    0.642854095    0.059240084
    0.129675061    0.059529483
    0.637359560    0.059529483
    0.128566712    0.059820279
    0.631911993    0.059820279
    0.126921922    0.060112514
    0.623827815    0.060112514
    0.125837117    0.060406171
    0.618495822    0.060406171
    0.124761574    0.060701251
    0.613209486    0.060701251
    0.123165473    0.060997788
    0.607968330    0.060997788
    0.122112766    0.061295774
    0.600190461    0.061295774
    0.121069051    0.061595213
    0.595060587    0.061595213
    0.120034263    0.061896101
    0.587447822    0.061896101
    0.118498638    0.062198475
    0.582426846    0.062198475
    0.117485821    0.062502325
    0.577448785    0.062502325
    0.116481654    0.062807642
    0.572513282    0.062807642
    0.114991479    0.063114472
    0.567619920    0.063114472
    0.114008635    0.063422777
    0.560358286    0.063422777
    0.113034196    0.063732609
    0.555568814    0.063732609
    0.112068079    0.064043954
    0.550820291    0.064043954
    0.110634372    0.064356804
    0.543773532    0.064356804
    0.109688766    0.064671196
    0.539125860    0.064671196
    0.108751245    0.064987108
    0.534517884    0.064987108
    0.107821733    0.065304585
    0.527679682    0.065304585
    0.106442347    0.065623611
    0.523169577    0.065623611
    0.105532579    0.065944172
    0.518698037    0.065944172
    0.104630575    0.066266321
    0.514264643    0.066266321
    0.103292018    0.066590048
    0.509869158    0.066590048
    0.102409154    0.066915348
    0.505511284    0.066915348
    0.101533853    0.067242227
    0.499044120    0.067242227
    0.100234911    0.067570716
    0.494778752    0.067570716
    0.099378191    0.067900814
    0.488448948    0.067900814
    0.098528795    0.068232499
    0.484274119    0.068232499
    0.097686663    0.068565831
    0.480134964    0.068565831
    0.096436933    0.068900786
    0.473992497    0.068900786
    0.095612675    0.069237359
    0.469941258    0.069237359
    0.094795465    0.069575593
    0.465924621    0.069575593
    0.093985237    0.069915488
    0.461942315    0.069915488
    0.093181938    0.070257016
    0.457994044    0.070257016
    0.091989845    0.070600234
    0.452134818    0.070600234
    0.091203593    0.070945129
    0.448270380    0.070945129
    0.090424068    0.071291707
    0.444438964    0.071291707
    0.089651205    0.071639962
    0.438753128    0.071639962
    0.088504277    0.071989939
    0.435003072    0.071989939
    0.087747820    0.072341621
    0.431285053    0.072341621
    0.086997837    0.072695002
    0.427598804    0.072695002
    0.086254254    0.073050134
    0.422128439    0.073050134
    0.085150786    0.073406994
    0.418520480    0.073406994
    0.084422991    0.073765598
    0.414943337    0.073765598
    0.083701424    0.074125938
    0.411396772    0.074125938
    0.082986020    0.074488059
    0.406133652    0.074488059
    0.081924357    0.074851945
    0.402662396    0.074851945
    0.081224144    0.075217590
    0.399220794    0.075217590
    0.080529913    0.075585037
    0.394113481    0.075585037
    0.079841614    0.075954288
    0.390744954    0.075954288
    0.078820184    0.076325320
    0.387405246    0.076325320
    0.078146502    0.076698177
    0.384094059    0.076698177
    0.077478573    0.077072844
    0.380811155    0.077072844
    0.076487370    0.077449359
    0.377556324    0.077449359
    0.075833626    0.077827714
    0.372726142    0.077827714
    0.075185470    0.078207895
    0.369540423    0.078207895
    0.074542850    0.078589953
    0.364812791    0.078589953
    0.073589206    0.078973860
    0.361694723    0.078973860
    0.072960235    0.079359658
    0.358603269    0.079359658
    0.072336636    0.079747342
    0.354015589    0.079747342
    0.071718365    0.080136903
    0.350989789    0.080136903
    0.070800856    0.080528386
    0.347989827    0.080528386
    0.070195720    0.080921784
    0.345015526    0.080921784
    0.069595747    0.081317075
    0.342066646    0.081317075
    0.068705395    0.081714325
    0.337690502    0.081714325
    0.068118162    0.082113512
    0.334804237    0.082113512
    0.067535952    0.082514651
    0.331942618    0.082514651
    0.066958711    0.082917728
    0.327696025    0.082917728
    0.066102095    0.083322801
    0.324895173    0.083322801
    0.065537117    0.083729848
    0.322118253    0.083729848
    0.064976960    0.084138855
    0.319365084    0.084138855
    0.064145699    0.084549889
    0.315279365    0.084549889
    0.063597441    0.084962934
    0.312584639    0.084962934
    0.063053861    0.085377991
    0.309912950    0.085377991
    0.062247202    0.085795052
    0.307264090    0.085795052
    0.061715171    0.086214177
    0.303333193    0.086214177
    0.061187685    0.086635351
    0.300740570    0.086635351
    0.060664706    0.087058559
    0.298170120    0.087058559
    0.060146198    0.087483853
    0.294355571    0.087483853
    0.059376735    0.087911226
    0.291839689    0.087911226
    0.058869235    0.088340670
    0.289345294    0.088340670
    0.058366075    0.088772230
    0.286872238    0.088772230
    0.057867214    0.089205869
    0.284420311    0.089205869
    0.057126906    0.089641660
    0.281989336    0.089641660
    0.056638636    0.090079576
    0.278381795    0.090079576
    0.056154542    0.090519607
    0.276002377    0.090519607
    0.055674583    0.090961806
    0.272471428    0.090961806
    0.055198725    0.091406152
    0.270142585    0.091406152
    0.054492556    0.091852687
    0.267833650    0.091852687
    0.054026805    0.092301399
    0.265544444    0.092301399
    0.053565029    0.092752285
    0.262147278    0.092752285
    0.053107206    0.093205392
    0.259906679    0.093205392
    0.052427795    0.093660720
    0.257685244    0.093660720
    0.051979687    0.094118245
    0.255482763    0.094118245
    0.051535413    0.094578028
    0.253299147    0.094578028
    0.051094934    0.095040061
    0.250058651    0.095040061
    0.050441265    0.095504351
    0.247921392    0.095504351
    0.050010137    0.095970877
    0.244749680    0.095970877
    0.049582697    0.096439712
    0.242657736    0.096439712
    0.049158908    0.096910842
    0.240583718    0.096910842
    0.048738740    0.097384237
    0.238527432    0.097384237
    0.048115216    0.097859979
    0.235475898    0.097859979
    0.047703970    0.098338045
    0.233463258    0.098338045
    0.047296241    0.098818414
    0.231467828    0.098818414
    0.046891995    0.099301159
    0.229489446    0.099301159
    0.046292096    0.099786267
    0.226553530    0.099786267
    0.045896433    0.100273713
    0.224617153    0.100273713
    0.045504149    0.100763567
    0.222697333    0.100763567
    0.045115221    0.101255797
    0.219848320    0.101255797
    0.044538055    0.101750441
    0.217969254    0.101750441
    0.044157382    0.102247506
    0.216106251    0.102247506
    0.043779965    0.102746993
    0.214259163    0.102746993
    0.043405760    0.103248917
    0.212427869    0.103248917
    0.042850461    0.103753306
    0.210612223    0.103753306
    0.042484213    0.104260147
    0.207917824    0.104260147
    0.042121097    0.104769461
    0.206140727    0.104769461
    0.041582234    0.105281264
    0.203503519    0.105281264
    0.041226827    0.105795585
    0.201764166    0.105795585
    0.040874455    0.106312394
    0.200039655    0.106312394
    0.040525097    0.106831737
    0.197480515    0.106831737
    0.040006652    0.107353628
    0.195792630    0.107353628
    0.039664712    0.107878059
    0.194119170    0.107878059
    0.039325692    0.108405061
    0.192460015    0.108405061
    0.038989570    0.108934626
    0.190815032    0.108934626
    0.038490769    0.109466776
    0.188373893    0.109466776
    0.038161796    0.110001542
    0.186763838    0.110001542
    0.037835624    0.110538900
    0.185167551    0.110538900
    0.037512239    0.111078903
    0.182798669    0.111078903
    0.037191618    0.111621529
    0.181236267    0.111621529
    0.036715817    0.112166807
    0.179687217    0.112166807
    0.036401995    0.112714760
    0.178151414    0.112714760
    0.036090862    0.113265380
    0.175872296    0.113265380
    0.035782389    0.113818683
    0.174369097    0.113818683
    0.035324618    0.114374690
    0.172878742    0.114374690
    0.035022695    0.114933431
    0.171401128    0.114933431
    0.034723353    0.115494892
    0.169208363    0.115494892
    0.034426566    0.116059087
    0.167762116    0.116059087
    0.034132320    0.116626054
    0.166328236    0.116626054
    0.033695657    0.117195778
    0.164906606    0.117195778
    0.033407658    0.117768288
    0.162796929    0.117768288
    0.033122119    0.118343607
    0.161405489    0.118343607
    0.032839023    0.118921719
    0.160025939    0.118921719
    0.032418903    0.119502671
    0.158658177    0.119502671
    0.032141816    0.120086446
    0.157302111    0.120086446
    0.031867098    0.120673075
    0.155289710    0.120673075
    0.031594727    0.121262588
    0.153962433    0.121262588
    0.031324685    0.121854961
    0.151992753    0.121854961
    0.031056948    0.122450240
    0.150693655    0.122450240
    0.030659629    0.123048417
    0.149405673    0.123048417
    0.030397579    0.123649515
    0.148128688    0.123649515
    0.030137768    0.124253564
    0.146233633    0.124253564
    0.029880177    0.124860547
    0.144983768    0.124860547
    0.029497914    0.125470504
    0.143744558    0.125470504
    0.029245792    0.126083449
    0.142515957    0.126083449
    0.028995825    0.126699373
    0.141297862    0.126699373
    0.028747994    0.127318293
    0.139490202    0.127318293
    0.028502282    0.127940252
    0.138297960    0.127940252
    0.028137647    0.128565267
    0.136528686    0.128565267
    0.027897151    0.129193306
    0.135361761    0.129193306
    0.027658712    0.129824430
    0.134204820    0.129824430
    0.027422309    0.130458638
    0.133057758    0.130458638
    0.027071491    0.131095931
    0.131920502    0.131095931
    0.026840108    0.131736353
    0.130232811    0.131736353
    0.026610702    0.132379889
    0.129119694    0.132379889
    0.026270267    0.133026585
    0.128016099    0.133026585
    0.026045732    0.133676425
    0.126921922    0.133676425
    0.025823116    0.134329438
    0.125298187    0.134329438
    0.025602402    0.134985670
    0.124227256    0.134985670
    0.025383577    0.135645077
    0.123165473    0.135645077
    0.025058839    0.136307701
    0.121589787    0.136307701
    0.024844659    0.136973590
    0.120550551    0.136973590
    0.024632309    0.137642711
    0.119520187    0.137642711
    0.024421774    0.138315111
    0.118498638    0.138315111
    0.024109341    0.138990805
    0.117485821    0.138990805
    0.023903277    0.139669776
    0.115982801    0.139669776
    0.023698973    0.140352070
    0.114991479    0.140352070
    0.023496415    0.141037703
    0.113520369    0.141037703
    0.023195820    0.141726688
    0.112550102    0.141726688
    0.022997564    0.142419025
    0.111588120    0.142419025
    0.022801001    0.143114761
    0.110634372    0.143114761
    0.022606118    0.143813893
    0.109219000    0.143813893
    0.022412902    0.144516438
    0.108285494    0.144516438
    0.022126168    0.145222425
    0.107359968    0.145222425
    0.021937054    0.145931840
    0.106442347    0.145931840
    0.021749556    0.146644726
    0.105532579    0.146644726
    0.021563660    0.147361115
    0.104182474    0.147361115
    0.021379353    0.148080975
    0.103292018    0.148080975
    0.021105843    0.148804381
    0.102409154    0.148804381
    0.020925444    0.149531290
    0.101099014    0.149531290
    0.020746591    0.150261760
    0.100234911    0.150261760
    0.020569269    0.150995821
    0.099378191    0.150995821
    0.020393461    0.151733443
    0.098528795    0.151733443
    0.020219155    0.152474687
    0.097686663    0.152474687
    0.019960493    0.153219521
    0.096851721    0.153219521
    0.019789888    0.153968006
    0.095612675    0.153968006
    0.019620743    0.154720172
    0.094795465    0.154720172
    0.019453041    0.155475989
    0.093582727    0.155475989
    0.019286774    0.156235516
    0.092782870    0.156235516
    0.019040035    0.156998739
    0.091989845    0.156998739
    0.018877298    0.157765672
    0.090812996    0.157765672
    0.018715952    0.158536375
    0.090036809    0.158536375
    0.018555984    0.159310848
    0.089267254    0.159310848
    0.018318588    0.160089090
    0.088504277    0.160089090
    0.018162018    0.160871133
    0.087747820    0.160871133
    0.018006785    0.161656991
    0.086625248    0.161656991
    0.017852880    0.162446693
    0.085884854    0.162446693
    0.017700288    0.163240284
    0.085150786    0.163240284
    0.017473845    0.164037719
    0.084061429    0.164037719
    0.017324494    0.164839044
    0.083342955    0.164839044
    0.017176419    0.165644288
    0.082630612    0.165644288
    0.017029611    0.166453496
    0.081924357    0.166453496
    0.016811749    0.167266622
    0.080876283    0.167266622
    0.016668057    0.168083757
    0.080185026    0.168083757
    0.016525593    0.168904856
    0.079499677    0.168904856
    0.016384346    0.169729963
    0.078820184    0.169729963
    0.016174739    0.170559123
    0.077811822    0.170559123
    0.016036492    0.171392307
    0.077146754    0.171392307
    0.015899425    0.172229588
    0.076487370    0.172229588
    0.015763532    0.173070937
    0.075508855    0.173070937
    0.015628800    0.173916399
    0.074863471    0.173916399
    0.015428857    0.174766004
    0.074223608    0.174766004
    0.015296984    0.175619751
    0.073589206    0.175619751
    0.015166240    0.176477656
    0.072960235    0.176477656
    0.015036613    0.177339762
    0.072336636    0.177339762
    0.014844246    0.178206101
    0.071411215    0.178206101
    0.014717370    0.179076642
    0.070800856    0.179076642
    0.014591580    0.179951444
    0.069895089    0.179951444
    0.014466864    0.180830538
    0.069297686    0.180830538
    0.014281786    0.181713894
    0.068705395    0.181713894
    0.014159719    0.182601586
    0.068118162    0.182601586
    0.014038694    0.183493629
    0.067246713    0.183493629
    0.013918703    0.184389994
    0.066671945    0.184389994
    0.013799739    0.185290754
    0.066102095    0.185290754
    0.013681792    0.186195925
    0.065537117    0.186195925
    0.013506757    0.187105507
    0.064976960    0.187105507
    0.013391314    0.188019514
    0.064145699    0.188019514
    0.013276857    0.188938007
    0.063597441    0.188938007
    0.013163378    0.189861000
    0.062783822    0.189861000
    0.013050869    0.190788478
    0.062247202    0.190788478
    0.012939323    0.191720486
    0.061715171    0.191720486
    0.012773787    0.192657083
    0.061187685    0.192657083
    0.012664608    0.193598211
    0.060664706    0.193598211
    0.012556362    0.194543973
    0.059888609    0.194543973
    0.012449042    0.195494339
    0.059376735    0.195494339
    0.012342638    0.196449339
    0.058869235    0.196449339
    0.012237145    0.197409019
    0.058366075    0.197409019
    0.012080592    0.198373377
    0.057619385    0.198373377
    0.011977338    0.199342459
    0.057126906    0.199342459
    0.011874967    0.200316265
    0.056638636    0.200316265
    0.011773470    0.201294810
    0.055914048    0.201294810
    0.011672841    0.202278182
    0.055436142    0.202278182
    0.011523508    0.203266323
    0.054962326    0.203266323
    0.011425016    0.204259276
    0.054492556    0.204259276
    0.011327364    0.205257088
    0.054026805    0.205257088
    0.011230549    0.206259817
    0.053335626    0.206259817
    0.011134560    0.207267404
    0.052879762    0.207267404
    0.010992114    0.208279908
    0.052427795    0.208279908
    0.010898163    0.209297404
    0.051757071    0.209297404
    0.010805015    0.210319817
    0.051314700    0.210319817
    0.010712664    0.211347252
    0.050876107    0.211347252
    0.010621101    0.212379709
    0.050225239    0.212379709
    0.010485223    0.213417202
    0.049795959    0.213417202
    0.010395605    0.214459777
    0.049370348    0.214459777
    0.010306752    0.215507418
    0.048948374    0.215507418
    0.010218659    0.216560185
    0.048530009    0.216560185
    0.010131320    0.217618123
    0.047909152    0.217618123
    0.010044727    0.218681201
    0.047499668    0.218681201
    0.009916222    0.219749495
    0.047093686    0.219749495
    0.009831467    0.220822975
    0.046491206    0.220822975
    0.009747436    0.221901715
    0.046093840    0.221901715
    0.009664124    0.222985744
    0.045699872    0.222985744
    0.009581524    0.224075034
    0.045309268    0.224075034
    0.009458945    0.225169659
    0.044922005    0.225169659
    0.009378099    0.226269647
    0.044538055    0.226269647
    0.009297943    0.227374986
    0.043968268    0.227374986
    0.009218473    0.228485718
    0.043592468    0.228485718
    0.009139681    0.229601875
    0.043034766    0.229601875
    0.009022756    0.230723530
    0.042666946    0.230723530
    0.008945637    0.231850624
    0.042302266    0.231850624
    0.008869178    0.232983217
    0.041940704    0.232983217
    0.008793372    0.234121382
    0.041404147    0.234121382
    0.008718214    0.235265076
    0.041050263    0.235265076
    0.008643699    0.236414358
    0.040699404    0.236414358
    0.008569820    0.237569258
    0.040351540    0.237569258
    0.008496573    0.238729820
    0.040006652    0.238729820
    0.008423952    0.239896029
    0.039494839    0.239896029
    0.008351952    0.241067931
    0.039157271    0.241067931
    0.008245103    0.242245600
    0.038822591    0.242245600
    0.008174632    0.243428975
    0.038325936    0.243428975
    0.008104762    0.244618133
    0.037998360    0.244618133
    0.008035490    0.245813131
    0.037673585    0.245813131
    0.007966810    0.247013941
    0.037351582    0.247013941
    0.007898717    0.248220623
    0.037032336    0.248220623
    0.007831206    0.249433219
    0.036715817    0.249433219
    0.007764271    0.250651717
    0.036246095    0.250651717
    0.007664942    0.251876146
    0.035936296    0.251876146
    0.007599429    0.253106594
    0.035476554    0.253106594
    0.007534476    0.254343063
    0.035173330    0.254343063
    0.007470077    0.255585521
    0.034872703    0.255585521
    0.007406230    0.256834090
    0.034574643    0.256834090
    0.007342928    0.258088768
    0.034132320    0.258088768
    0.007280168    0.259349525
    0.033840589    0.259349525
    0.007187031    0.260616511
    0.033551350    0.260616511
    0.007125603    0.261889637
    0.033264581    0.261889637
    0.007064699    0.263168961
    0.032980267    0.263168961
    0.007004316    0.264454603
    0.032558344    0.264454603
    0.006944450    0.265746474
    0.032280065    0.265746474
    0.006885095    0.267044693
    0.032004163    0.267044693
    0.006826248    0.268349200
    0.031594727    0.268349200
    0.006767903    0.269660115
    0.031324685    0.269660115
    0.006710057    0.270977437
    0.031056948    0.270977437
    0.006652705    0.272301197
    0.030791501    0.272301197
    0.006567596    0.273631424
    0.030528322    0.273631424
    0.006511462    0.274968117
    0.030267393    0.274968117
    0.006455808    0.276311368
    0.029880177    0.276311368
    0.006400629    0.277661204
    0.029624788    0.277661204
    0.006345923    0.279017568
    0.029245792    0.279017568
    0.006291683    0.280380636
    0.028995825    0.280380636
    0.006237908    0.281750292
    0.028747994    0.281750292
    0.006184591    0.283126652
    0.028502282    0.283126652
    0.006105471    0.284509748
    0.028137647    0.284509748
    0.006053287    0.285899639
    0.027897151    0.285899639
    0.006001549    0.287296265
    0.027658712    0.287296265
    0.005950253    0.288699716
    0.027422309    0.288699716
    0.005899395    0.290110022
    0.027187929    0.290110022
    0.005848973    0.291527241
    0.026840108    0.291527241
    0.005798981    0.292951405
    0.026610702    0.292951405
    0.005749417    0.294382483
    0.026383258    0.294382483
    0.005700276    0.295820534
    0.026045732    0.295820534
    0.005651555    0.297265649
    0.025823116    0.297265649
    0.005603251    0.298717827
    0.025602402    0.298717827
    0.005531567    0.300177097
    0.025383577    0.300177097
    0.005484288    0.301643491
    0.025166621    0.301643491
    0.005437413    0.303117037
    0.024951519    0.303117037
    0.005390939    0.304597795
    0.024632309    0.304597795
    0.005344862    0.306085795
    0.024421774    0.306085795
    0.005299179    0.307581037
    0.024109341    0.307581037
    0.005253886    0.309083641
    0.023903277    0.309083641
    0.005208981    0.310593516
    0.023698973    0.310593516
    0.005164459    0.312110782
    0.023496415    0.312110782
    0.005120318    0.313635498
    0.023195820    0.313635498
    0.005076551    0.315167636
    0.022997564    0.315167636
    0.005033161    0.316707253
    0.022801001    0.316707253
    0.004990143    0.318254411
    0.022606118    0.318254411
    0.004947491    0.319809109
    0.022412902    0.319809109
    0.004905205    0.321371406
    0.022126168    0.321371406
    0.004863279    0.322941333
    0.021937054    0.322941333
    0.004821713    0.324518919
    0.021749556    0.324518919
    0.004780501    0.326104254
    0.021471309    0.326104254
    0.004739641    0.327697307
    0.021287791    0.327697307
    0.004699131    0.329298109
    0.021105843    0.329298109
    0.004658967    0.330906779
    0.020925444    0.330906779
    0.004619147    0.332523257
    0.020746591    0.332523257
    0.004560053    0.334147692
    0.020569269    0.334147692
    0.004540524    0.335780025
    0.020306122    0.335780025
    0.004501715    0.337420315
    0.020132562    0.337420315
    0.004463239    0.339068651
    0.019875007    0.339068651
    0.004425091    0.340725034
    0.019705134    0.340725034
    0.004387269    0.342389494
    0.019536711    0.342389494
    0.004331142    0.344062120
    0.019369729    0.344062120
    0.004294123    0.345742881
    0.019121928    0.345742881
    0.004257421    0.347431868
    0.018958492    0.347431868
    0.004221032    0.349129081
    0.018796451    0.349129081
    0.004184955    0.350834638
    0.018635796    0.350834638
    0.004149185    0.352548480
    0.018476509    0.352548480
    0.004113722    0.354270697
    0.018240135    0.354270697
    0.004078561    0.356001347
    0.018084235    0.356001347
    0.004043702    0.357740432
    0.017852880    0.357740432
    0.004009140    0.359488040
    0.017700288    0.359488040
    0.003974873    0.361244172
    0.017549003    0.361244172
    0.003940899    0.363008887
    0.017399009    0.363008887
    0.003907216    0.364782214
    0.017250299    0.364782214
    0.003873821    0.366564214
    0.017102858    0.366564214
    0.003840711    0.368354917
    0.016956680    0.368354917
    0.003807884    0.370154351
    0.016739748    0.370154351
    0.003775338    0.371962607
    0.016596671    0.371962607
    0.003743069    0.373779684
    0.016384346    0.373779684
    0.003711077    0.375605613
    0.016244309    0.375605613
    0.003679358    0.377440482
    0.016105467    0.377440482
    0.003663600    0.379284322
    0.015967812    0.379284322
    0.003632287    0.381137133
    0.015763532    0.381137133
    0.003601242    0.382999033
    0.015628800    0.382999033
    0.003570462    0.384870023
    0.015495218    0.384870023
    0.003539945    0.386750132
    0.015362780    0.386750132
    0.003509688    0.388639450
    0.015231472    0.388639450
    0.003479691    0.390538007
    0.015036613    0.390538007
    0.003449949    0.392445832
    0.014908093    0.392445832
    0.003420462    0.394362926
    0.014780672    0.394362926
    0.003391227    0.396289438
    0.014591580    0.396289438
    0.003376703    0.398225367
    0.014466864    0.398225367
    0.003347842    0.400170714
    0.014343214    0.400170714
    0.003319228    0.402125597
    0.014220621    0.402125597
    0.003290858    0.404089987
    0.014099076    0.404089987
    0.003262731    0.406064004
    0.013918703    0.406064004
    0.003234844    0.408047676
    0.013799739    0.408047676
    0.003207196    0.410041004
    0.013681792    0.410041004
    0.003179783    0.412044108
    0.013506757    0.412044108
    0.003152605    0.414056957
    0.013391314    0.414056957
    0.003125660    0.416079670
    0.013276857    0.416079670
    0.003112274    0.418112278
    0.013107003    0.418112278
    0.003085673    0.420154810
    0.012994977    0.420154810
    0.003059299    0.422207266
    0.012883907    0.422207266
    0.003033151    0.424269795
    0.012773787    0.424269795
    0.003007226    0.426342398
    0.012664608    0.426342398
    0.002981523    0.428425133
    0.012556362    0.428425133
    0.002956040    0.430518061
    0.012395727    0.430518061
    0.002943380    0.432621151
    0.012289778    0.432621151
    0.002918222    0.434734553
    0.012132552    0.434734553
    0.002893280    0.436858267
    0.012028854    0.436858267
    0.002868551    0.438992381
    0.011926043    0.438992381
    0.002844033    0.441136867
    0.011824110    0.441136867
    0.002819725    0.443291873
    0.011723048    0.443291873
    0.002807649    0.445457369
    0.011573073    0.445457369
    0.002783652    0.447633475
    0.011474156    0.447633475
    0.002759859    0.449820220
    0.011376086    0.449820220
    0.002736271    0.452017605
    0.011278853    0.452017605
    0.002712884    0.454225779
    0.011134560    0.454225779
    0.002701265    0.456444681
    0.011039392    0.456444681
    0.002678177    0.458674461
    0.010945037    0.458674461
    0.002655286    0.460915148
    0.010805015    0.460915148
    0.002632591    0.463166744
    0.010712664    0.463166744
    0.002610090    0.465429366
    0.010621101    0.465429366
    0.002587782    0.467703044
    0.010530321    0.467703044
    0.002565664    0.469987810
    0.010440318    0.469987810
    0.002554676    0.472283721
    0.010306752    0.472283721
    0.002532840    0.474590868
    0.010218659    0.474590868
    0.002511192    0.476909310
    0.010131320    0.476909310
    0.002500437    0.479239047
    0.010001708    0.479239047
    0.002479066    0.481580168
    0.009916222    0.481580168
    0.002457877    0.483932734
    0.009831467    0.483932734
    0.002436869    0.486296773
    0.009747436    0.486296773
    0.002426433    0.488672346
    0.009622735    0.488672346
    0.002405694    0.491059572
    0.009540489    0.491059572
    0.002385132    0.493458450
    0.009458945    0.493458450
    0.002374917    0.495869011
    0.009378099    0.495869011
    0.002354619    0.498291373
    0.009258123    0.498291373
    0.002334493    0.500725567
    0.009178992    0.500725567
    0.002324495    0.503171682
    0.009100539    0.503171682
    0.002304628    0.505629718
    0.008984114    0.505629718
    0.002284930    0.508099735
    0.008907326    0.508099735
    0.002275144    0.510581851
    0.008831194    0.510581851
    0.002255698    0.513076067
    0.008755713    0.513076067
    0.002236419    0.515582502
    0.008680876    0.515582502
    0.002226841    0.518101215
    0.008569820    0.518101215
    0.002207808    0.520632207
    0.008496573    0.520632207
    0.002188937    0.523175538
    0.008423952    0.523175538
    0.002179563    0.525731266
    0.008316183    0.525731266
    0.002160934    0.528299510
    0.008245103    0.528299510
    0.002151679    0.530880332
    0.008174632    0.530880332
    0.002133288    0.533473730
    0.008070052    0.533473730
    0.002115055    0.536079764
    0.008001076    0.536079764
    0.002105997    0.538698554
    0.007932690    0.538698554
    0.002087997    0.541330159
    0.007864889    0.541330159
    0.002070150    0.543974578
    0.007797667    0.543974578
    0.002061284    0.546631992
    0.007697910    0.546631992
    0.002043667    0.549302280
    0.007632115    0.549302280
    0.002034914    0.551985681
    0.007534476    0.551985681
    0.002017521    0.554682195
    0.007470077    0.554682195
    0.002000277    0.557391882
    0.007406230    0.557391882
    0.001991711    0.560114801
    0.007311481    0.560114801
    0.001974687    0.562851012
    0.007248988    0.562851012
    0.001966230    0.565600574
    0.007187031    0.565600574
    0.001949425    0.568363607
    0.007125603    0.568363607
    0.001941076    0.571140110
    0.007064699    0.571140110
    0.001924485    0.573930144
    0.006974319    0.573930144
    0.001916243    0.576733887
    0.006914709    0.576733887
    0.001899865    0.579551280
    0.006855608    0.579551280
    0.001891728    0.582382441
    0.006767903    0.582382441
    0.001875560    0.585227430
    0.006710057    0.585227430
    0.001867527    0.588086307
    0.006652705    0.588086307
    0.001851565    0.590959132
    0.006567596    0.590959132
    0.001843636    0.593846083
    0.006511462    0.593846083
    0.001827878    0.596747041
    0.006455808    0.596747041
    0.001820049    0.599662185
    0.006400629    0.599662185
    0.001804493    0.602591574
    0.006345923    0.602591574
    0.001796765    0.605535328
    0.006264738    0.605535328
    0.001781408    0.608493388
    0.006211192    0.608493388
    0.001773779    0.611465931
    0.006131731    0.611465931
    0.001766182    0.614453018
    0.006079323    0.614453018
    0.001751086    0.617454648
    0.006027362    0.617454648
    0.001743587    0.620471001
    0.005950253    0.620471001
    0.001728684    0.623502076
    0.005899395    0.623502076
    0.001721281    0.626547933
    0.005848973    0.626547933
    0.001713909    0.629608631
    0.005798981    0.629608631
    0.001699260    0.632684350
    0.005724793    0.632684350
    0.001691983    0.635775089
    0.005675863    0.635775089
    0.001684736    0.638880908
    0.005627351    0.638880908
    0.001670337    0.642001867
    0.005555359    0.642001867
    0.001663183    0.645138144
    0.005507877    0.645138144
    0.001656060    0.648289680
    0.005437413    0.648289680
    0.001648968    0.651456654
    0.005390939    0.651456654
    0.001634874    0.654639065
    0.005344862    0.654639065
    0.001627872    0.657837033
    0.005299179    0.657837033
    0.001613959    0.661050618
    0.005253886    0.661050618
    0.001607047    0.664279938
    0.005186672    0.664279938
    0.001600164    0.667524993
    0.005142341    0.667524993
    0.001593311    0.670785904
    0.005076551    0.670785904
    0.001586487    0.674062788
    0.005033161    0.674062788
    0.001579693    0.677355647
    0.004968771    0.677355647
    0.001566191    0.680664539
    0.004926303    0.680664539
    0.001559483    0.683989704
    0.004884197    0.683989704
    0.001552805    0.687331021
    0.004842451    0.687331021
    0.001546154    0.690688670
    0.004780501    0.690688670
    0.001532939    0.694062769
    0.004739641    0.694062769
    0.001526374    0.697453320
    0.004699131    0.697453320
    0.001519837    0.700860441
    0.004639014    0.700860441
    0.001513328    0.704284191
    0.004599364    0.704284191
    0.001506847    0.707724690
    0.004540524    0.707724690
    0.001500393    0.711181998
    0.004501715    0.711181998
    0.001493968    0.714656174
    0.004463239    0.714656174
    0.001487569    0.718147337
    0.004406139    0.718147337
    0.001481199    0.721655548
    0.004368480    0.721655548
    0.001468539    0.725180924
    0.004331142    0.725180924
    0.001462249    0.728723526
    0.004294123    0.728723526
    0.001455987    0.732283354
    0.004239188    0.732283354
    0.001449751    0.735860646
    0.004184955    0.735860646
    0.001443542    0.739455402
    0.004149185    0.739455402
    0.001437360    0.743067741
    0.004113722    0.743067741
    0.001431204    0.746697664
    0.004061094    0.746697664
    0.001425075    0.750345349
    0.004026384    0.750345349
    0.001418972    0.754010856
    0.003991970    0.754010856
    0.001412895    0.757694244
    0.003940899    0.757694244
    0.001406844    0.761395633
    0.003907216    0.761395633
    0.001400818    0.765115142
    0.003873821    0.765115142
    0.001394819    0.768852770
    0.003824262    0.768852770
    0.001388845    0.772608697
    0.003791576    0.772608697
    0.001388845    0.776382923
    0.003743069    0.776382923
    0.001382897    0.780175626
    0.003711077    0.780175626
    0.001376975    0.783986866
    0.003663600    0.783986866
    0.001371078    0.787816703
    0.003632287    0.787816703
    0.001365206    0.791665256
    0.003601242    0.791665256
    0.001359359    0.795532644
    0.003555170    0.795532644
    0.001359359    0.799418867
    0.003524784    0.799418867
    0.001353537    0.803324103
    0.003494657    0.803324103
    0.001347740    0.807248414
    0.003449949    0.807248414
    0.001341968    0.811191916
    0.003405813    0.811191916
    0.001341968    0.815154612
    0.003376703    0.815154612
    0.001336221    0.819136739
    0.003333505    0.819136739
    0.001330498    0.823138297
    0.003305013    0.823138297
    0.001330498    0.827159405
    0.003262731    0.827159405
    0.001324800    0.831200182
    0.003234844    0.831200182
    0.001319127    0.835260630
    0.003207196    0.835260630
    0.001319127    0.839340985
    0.003166165    0.839340985
    0.001313477    0.843441188
    0.003139104    0.843441188
    0.001307852    0.847561538
    0.003098944    0.847561538
    0.001307852    0.851701915
    0.003072458    0.851701915
    0.001302251    0.855862558
    0.003033151    0.855862558
    0.001302251    0.860043526
    0.002994347    0.860043526
    0.001296674    0.864244938
    0.002968754    0.864244938
    0.001296674    0.868466854
    0.002930774    0.868466854
    0.001291120    0.872709394
    0.002905725    0.872709394
    0.001291120    0.876972675
    0.002868551    0.876972675
    0.001285591    0.881256759
    0.002844033    0.881256759
    0.001285591    0.885561764
    0.002807649    0.885561764
    0.001280085    0.889887810
    0.002783652    0.889887810
    0.001280085    0.894234955
    0.002748040    0.894234955
    0.001280085    0.898603380
    0.002712884    0.898603380
    0.001280085    0.902993143
    0.002689696    0.902993143
    0.001274603    0.907404363
    0.002655286    0.907404363
    0.001274603    0.911837101
    0.002632591    0.911837101
    0.001274603    0.916291535
    0.002598912    0.916291535
    0.001269144    0.920767665
    0.002576699    0.920767665
    0.001269144    0.925265729
    0.002543735    0.925265729
    0.001269144    0.929785728
    0.002521993    0.929785728
    0.001269144    0.934327841
    0.002489729    0.934327841
    0.001269144    0.938892126
    0.002457877    0.938892126
    0.001269144    0.943478703
    0.002426433    0.943478703
    0.001263708    0.948087633
    0.002395391    0.948087633
    0.001263708    0.952719152
    0.002374917    0.952719152
    0.001263708    0.957373261
    0.002344534    0.957373261
    0.001263708    0.962050140
    0.002314540    0.962050140
    0.001263708    0.966749787
    0.002284930    0.966749787
    0.001263708    0.971472442
    0.002265400    0.971472442
    0.001263708    0.976218164
    0.002236419    0.976218164
    0.001263708    0.980987072
    0.002207808    0.980987072
    0.001263708    0.985779285
    0.002179563    0.985779285
    0.001269144    0.990594923
    0.002151679    0.990594923
    0.001269144    0.995434046
    0.002124152    0.995434046
    0.001274603    1.000296831
    0.002096978    1.000296831
    0.001274603    1.005183339
    0.002070150    1.005183339
    0.001280085    1.010093808
    0.002043667    1.010093808
    0.001280085    1.015028119
    0.002017521    1.015028119
    0.001285591    1.019986629
    0.001991711    1.019986629
    0.001285591    1.024969459
    0.001966230    1.024969459
    0.001291120    1.029976487
    0.001932763    1.029976487
    0.001296674    1.035007954
    0.001899865    1.035007954
    0.001302251    1.040064096
    0.001867527    1.040064096
    0.001313477    1.045144916
    0.001843636    1.045144916
    0.001319127    1.050250530
    0.001812255    1.050250530
    0.001330498    1.055381060
    0.001773779    1.055381060
    0.001341968    1.060536742
    0.001751086    1.060536742
    0.001353537    1.065717578
    0.001713909    1.065717578
    0.001371078    1.070923686
    0.001684736    1.070923686
    0.001388845    1.076155305
    0.001648968    1.076155305
    0.001418972    1.081412315
    0.001607047    1.081412315
    0.001050744    1.921882272
    0.001221055    1.921882272
    0.001024031    1.931270838
    0.001269144    1.931270838
    0.000997997    1.940705180
    0.001307852    1.940705180
    0.000981010    1.950185776
    0.001336221    1.950185776
    0.000964312    1.959712625
    0.001365206    1.959712625
    0.000947898    1.969285965
    0.001394819    1.969285965
    0.000935772    1.978906155
    0.001418972    1.978906155
    0.000923800    1.988573313
    0.001449751    1.988573313
    0.000911982    1.998287678
    0.001474855    1.998287678
    0.000900315    2.008049488
    0.001500393    2.008049488
    0.000892620    2.017858982
    0.001526374    2.017858982
    0.000881200    2.027716398
    0.001546154    2.027716398
    0.000873668    2.037621975
    0.001572927    2.037621975
    0.000866201    2.047576189
    0.001600164    2.047576189
    0.000858798    2.057578564
    0.001627872    2.057578564
    0.000851457    2.067630053
    0.001648968    2.067630053
    0.000844180    2.077730656
    0.001677521    2.077730656
    0.000836964    2.087880611
    0.001699260    2.087880611
    0.000833380    2.098079920
    0.001728684    2.098079920
    0.000826257    2.108329296
    0.001751086    2.108329296
    0.000822718    2.118628740
    0.001781408    2.118628740
    0.000815686    2.128978491
    0.001804493    2.128978491
    0.000812193    2.139378786
    0.001835740    2.139378786
    0.000808714    2.149829626
    0.001859529    2.149829626
    0.000805251    2.160331726
    0.001883627    2.160331726
    0.000801803    2.170885086
    0.001916243    2.170885086
    0.000794950    2.181490183
    0.001941076    2.181490183
    0.000791545    2.192147017
    0.001974687    2.192147017
    0.000788155    2.202855587
    0.002000277    2.202855587
    0.000784780    2.213616848
    0.002034914    2.213616848
    0.000781419    2.224430561
    0.002061284    2.224430561
    0.000778072    2.235297203
    0.002096978    2.235297203
    0.000774740    2.246216774
    0.002124152    2.246216774
    0.000774740    2.257189751
    0.002151679    2.257189751
    0.000771422    2.268216372
    0.002179563    2.268216372
    0.000771422    2.279296637
    0.002217304    2.279296637
    0.000768118    2.290431261
    0.002246038    2.290431261
    0.000764828    2.301620245
    0.002275144    2.301620245
    0.000764828    2.312863827
    0.002314540    2.312863827
    0.000761552    2.324162245
    0.002344534    2.324162245
    0.000758291    2.335516214
    0.002385132    2.335516214
    0.000758291    2.346925259
    0.002416041    2.346925259
    0.000758291    2.358390331
    0.002447351    2.358390331
    0.000755043    2.369911194
    0.002479066    2.369911194
    0.000755043    2.381488562
    0.002511192    2.381488562
    0.000755043    2.393122196
    0.002543735    2.393122196
    0.000755043    2.404812813
    0.002576699    2.404812813
    0.000755043    2.416560650
    0.002610090    2.416560650
    0.000751810    2.428365707
    0.002655286    2.428365707
    0.000751810    2.440228462
    0.002689696    2.440228462
    0.000751810    2.452149153
    0.002724552    2.452149153
    0.000751810    2.464128256
    0.002759859    2.464128256
    0.000751810    2.476165771
    0.002795625    2.476165771
    0.000751810    2.488262177
    0.002819725    2.488262177
    0.000751810    2.500417471
    0.002856266    2.500417471
    0.000755043    2.512632370
    0.002893280    2.512632370
    0.000755043    2.524906635
    0.002918222    2.524906635
    0.000755043    2.537241220
    0.002956040    2.537241220
    0.000755043    2.549635649
    0.002994347    2.549635649
    0.000755043    2.562090874
    0.003020161    2.562090874
    0.000755043    2.574606895
    0.003059299    2.574606895
    0.000758291    2.587184191
    0.003098944    2.587184191
    0.000758291    2.599822760
    0.003125660    2.599822760
    0.000761552    2.612523079
    0.003152605    2.612523079
    0.000761552    2.625285625
    0.003179783    2.625285625
    0.000764828    2.638110161
    0.003207196    2.638110161
    0.000764828    2.650997639
    0.003234844    2.650997639
    0.000768118    2.663948059
    0.003262731    2.663948059
    0.000768118    2.676961660
    0.003290858    2.676961660
    0.000771422    2.690038919
    0.003319228    2.690038919
    0.000771422    2.703179836
    0.003347842    2.703179836
    0.000774740    2.716385126
    0.003376703    2.716385126
    0.000778072    2.729655027
    0.003405813    2.729655027
    0.000781419    2.742989540
    0.003420462    2.742989540
    0.000781419    2.756389141
    0.003435174    2.756389141
    0.000784780    2.769854307
    0.003449949    2.769854307
    0.000788155    2.783385277
    0.003479691    2.783385277
    0.000791545    2.796982527
    0.003494657    2.796982527
    0.000794950    2.810645819
    0.003509688    2.810645819
    0.000798369    2.824376345
    0.003539945    2.824376345
    0.000801803    2.838173389
    0.003555170    2.838173389
    0.000805251    2.852038145
    0.003570462    2.852038145
    0.000808714    2.865970850
    0.003585819    2.865970850
    0.000812193    2.879971266
    0.003601242    2.879971266
    0.000815686    2.894040108
    0.003616731    2.894040108
    0.000819195    2.908177614
    0.003616731    2.908177614
    0.000822718    2.922384501
    0.003632287    2.922384501
    0.000826257    2.936660528
    0.003647910    2.936660528
    0.000833380    2.951006413
    0.003647910    2.951006413
    0.000836964    2.965422392
    0.003663600    2.965422392
    0.000840564    2.979908705
    0.003679358    2.979908705
    0.000844180    2.994465828
    0.003679358    2.994465828
    0.000851457    3.009094238
    0.003695183    3.009094238
    0.000855120    3.023793936
    0.003695183    3.023793936
    0.000858798    3.038565397
    0.003695183    3.038565397
    0.000866201    3.053409100
    0.003695183    3.053409100
    0.000869927    3.068325281
    0.003711077    3.068325281
    0.000877426    3.083314419
    0.003711077    3.083314419
    0.000881200    3.098376751
    0.003711077    3.098376751
    0.000888797    3.113512516
    0.003727039    3.113512516
    0.000892620    3.128722429
    0.003727039    3.128722429
    0.000900315    3.144006491
    0.003727039    3.144006491
    0.000904187    3.159365416
    0.003727039    3.159365416
    0.000911982    3.174799204
    0.003727039    3.174799204
    0.000919844    3.190308094
    0.003743069    3.190308094
    0.000923800    3.205893517
    0.003743069    3.205893517
    0.000931764    3.221554279
    0.003743069    3.221554279
    0.000939797    3.237291813
    0.003743069    3.237291813
    0.000943839    3.253106117
    0.003743069    3.253106117
    0.000951976    3.268998146
    0.003743069    3.268998146
    0.000960182    3.284967184
    0.003743069    3.284967184
    0.000968460    3.301014423
    0.003743069    3.301014423
    0.000972625    3.317140102
    0.003743069    3.317140102
    0.000981010    3.333344460
    0.003759169    3.333344460
    0.000989467    3.349628448
    0.003759169    3.349628448
    0.000993723    3.365991592
    0.003759169    3.365991592
    0.001002290    3.382434607
    0.003759169    3.382434607
    0.001010930    3.398957968
    0.003759169    3.398957968
    0.001015278    3.415562391
    0.003775338    3.415562391
    0.001024031    3.432247639
    0.003775338    3.432247639
    0.001032859    3.449014664
    0.003775338    3.449014664
    0.001041763    3.465863228
    0.003775338    3.465863228
    0.001046244    3.482794285
    0.003775338    3.482794285
    0.001055263    3.499808311
    0.003791576    3.499808311
    0.001059802    3.516905069
    0.003791576    3.516905069
    0.001068938    3.534085751
    0.003791576    3.534085751
    0.001078153    3.551349878
    0.003791576    3.551349878
    0.001087448    3.568698406
    0.003807884    3.568698406
    0.001092125    3.586132050
    0.003807884    3.586132050
    0.001101540    3.603650570
    0.003807884    3.603650570
    0.001111036    3.621254921
    0.003824262    3.621254921
    0.001120614    3.638945103
    0.003824262    3.638945103
    0.001125434    3.656721354
    0.003824262    3.656721354
    0.001135136    3.674585104
    0.003824262    3.674585104
    0.001140019    3.692535639
    0.003824262    3.692535639
    0.001149846    3.710574389
    0.003824262    3.710574389
    0.001159759    3.728700638
    0.003824262    3.728700638
    0.001164747    3.746915579
    0.003824262    3.746915579
    0.001174788    3.765219927
    0.003824262    3.765219927
    0.001184916    3.783613205
    0.003824262    3.783613205
    0.001190012    3.802096367
    0.003824262    3.802096367
    0.001200271    3.820669651
    0.003824262    3.820669651
    0.001210619    3.839334249
    0.003807884    3.839334249
    0.001215826    3.858089685
    0.003791576    3.858089685
    0.001226307    3.876936674
    0.003775338    3.876936674
    0.001236879    3.895876169
    0.003759169    3.895876169
    0.001242199    3.914907694
    0.003743069    3.914907694
    0.001252907    3.934032202
    0.003727039    3.934032202
    0.001263708    3.953250647
    0.003711077    3.953250647
    0.001274603    3.972562313
    0.003695183    3.972562313
    0.001285591    3.991968632
    0.003679358    3.991968632
    0.001291120    4.011469841
    0.003663600    4.011469841
    0.001302251    4.031066418
    0.003632287    4.031066418
    0.001319127    4.050758362
    0.003585819    4.050758362
    0.001330498    4.070546150
    0.003539945    4.070546150
    0.001341968    4.090431690
    0.003509688    4.090431690
    0.001353537    4.110413551
    0.003464788    4.110413551
    0.001371078    4.130493164
    0.003420462    4.130493164
    0.001382897    4.150671482
    0.003376703    4.150671482
    0.001400818    4.170947552
    0.003347842    4.170947552
    0.001412895    4.191322803
    0.003305013    4.191322803
    0.001431204    4.211797714
    0.003248758    4.211797714
    0.001449751    4.232372761
    0.003193460    4.232372761
    0.001474855    4.253048420
    0.003125660    4.253048420
    0.001493968    4.273824692
    0.003072458    4.273824692
    0.001519837    4.294703007
    0.003007226    4.294703007
    0.001546154    4.315682888
    0.002930774    4.315682888
    0.001572927    4.336765289
    0.002868551    4.336765289
    0.001600164    4.357951164
    0.002795625    4.357951164
    0.001634874    4.379240036
    0.002724552    4.379240036
    0.001677521    4.400632381
    0.002643914    4.400632381
    0.001721281    4.422130585
    0.002565664    4.422130585
    0.001789070    4.443732738
    0.002457877    4.443732738
    0.001875560    4.465440750
    0.002324495    4.465440750
    0.001835740    6.219847202
    0.002255698    6.219847202
    0.001766182    6.250231743
    0.002334493    6.250231743
    0.001706569    6.280764103
    0.002385132    6.280764103
    0.001656060    6.311446190
    0.002436869    6.311446190
    0.001613959    6.342278481
    0.002479066    6.342278481
    0.001579693    6.373260975
    0.002511192    6.373260975
    0.001546154    6.404394627
    0.002543735    6.404394627
    0.001513328    6.435681343
    0.002565664    6.435681343
    0.001487569    6.467119694
    0.002598912    6.467119694
    0.001455987    6.498713017
    0.002621317    6.498713017
    0.001431204    6.530459404
    0.002643914    6.530459404
    0.001412895    6.562360764
    0.002643914    6.562360764
    0.001394819    6.594419479
    0.002643914    6.594419479
    0.001376975    6.626633167
    0.002643914    6.626633167
    0.001359359    6.659005642
    0.002643914    6.659005642
    0.001341968    6.691534996
    0.002643914    6.691534996
    0.001324800    6.724223614
    0.002643914    6.724223614
    0.001313477    6.757072449
    0.002643914    6.757072449
    0.001296674    6.790081024
    0.002643914    6.790081024
    0.001280085    6.823251247
    0.002643914    6.823251247
    0.001263708    6.856583118
    0.002643914    6.856583118
    0.001252907    6.890078545
    0.002643914    6.890078545
    0.001242199    6.923737049
    0.002632591    6.923737049
    0.001231582    6.957559586
    0.002632591    6.957559586
    0.001221055    6.991548538
    0.002621317    6.991548538
    0.001210619    7.025702477
    0.002621317    7.025702477
    0.001195131    7.060023308
    0.002621317    7.060023308
    0.001184916    7.094512939
    0.002610090    7.094512939
    0.001174788    7.129169941
    0.002610090    7.129169941
    0.001164747    7.163996220
    0.002610090    7.163996220
    0.001149846    7.198993683
    0.002598912    7.198993683
    0.001140019    7.234160900
    0.002610090    7.234160900
    0.001130275    7.269500256
    0.002610090    7.269500256
    0.001120614    7.305012226
    0.002621317    7.305012226
    0.001106278    7.340698242
    0.002621317    7.340698242
    0.001096822    7.376557827
    0.002632591    7.376557827
    0.001087448    7.412592888
    0.002632591    7.412592888
    0.001073536    7.448804855
    0.002643914    7.448804855
    0.001064360    7.485192299
    0.002655286    7.485192299
    0.001055263    7.521759033
    0.002655286    7.521759033
    0.001046244    7.558503151
    0.002666707    7.558503151
    0.001032859    7.595426559
    0.002689696    7.595426559
    0.001024031    7.632531643
    0.002712884    7.632531643
    0.001015278    7.669816971
    0.002736271    7.669816971
    0.001002290    7.707285404
    0.002759859    7.707285404
    0.000993723    7.744935989
    0.002795625    7.744935989
    0.000985230    7.782770157
    0.002819725    7.782770157
    0.000976809    7.820790291
    0.002844033    7.820790291
    0.000964312    7.858995438
    0.002868551    7.858995438
    0.000956070    7.897386551
    0.002893280    7.897386551
    0.000947898    7.935966015
    0.002918222    7.935966015
    0.000939797    7.974734306
    0.002968754    7.974734306
    0.000931764    8.013690948
    0.003007226    8.013690948
    0.000923800    8.052838326
    0.003059299    8.052838326
    0.000915904    8.092178345
    0.003098944    8.092178345
    0.000911982    8.131709099
    0.003152605    8.131709099
    0.000904187    8.171432495
    0.003193460    8.171432495
    0.000896459    8.211351395
    0.003248758    8.211351395
    0.000888797    8.251463890
    0.003290858    8.251463890
    0.000881200    8.291772842
    0.003347842    8.291772842
    0.000877426    8.332280159
    0.003391227    8.332280159
    0.000873668    8.372982979
    0.003435174    8.372982979
    0.000869927    8.413886070
    0.003479691    8.413886070
    0.000866201    8.454988480
    0.003524784    8.454988480
    0.000862491    8.496292114
    0.003570462    8.496292114
    0.000858798    8.537796974
    0.003616731    8.537796974
    0.000858798    8.579504013
    0.003663600    8.579504013
    0.000855120    8.621417046
    0.003727039    8.621417046
    0.000851457    8.663533211
    0.003775338    8.663533211
    0.000847811    8.705855370
    0.003824262    8.705855370
    0.000847811    8.748384476
    0.003873821    8.748384476
    0.000847811    8.791120529
    0.003890483    8.791120529
    0.000851457    8.834066391
    0.003924021    8.834066391
    0.000855120    8.877221107
    0.003940899    8.877221107
    0.000858798    8.920588493
    0.003974873    8.920588493
    0.000862491    8.964165688
    0.003991970    8.964165688
    0.000862491    9.007956505
    0.004026384    9.007956505
    0.000866201    9.051961899
    0.004043702    9.051961899
    0.000869927    9.096180916
    0.004078561    9.096180916
    0.000873668    9.140616417
    0.004096104    9.140616417
    0.000877426    9.185268402
    0.004131415    9.185268402
    0.000884990    9.230139732
    0.004131415    9.230139732
    0.000896459    9.275229454
    0.004131415    9.275229454
    0.000904187    9.320539474
    0.004131415    9.320539474
    0.000915904    9.366071701
    0.004131415    9.366071701
    0.000923800    9.411826134
    0.004131415    9.411826134
    0.000935772    9.457802773
    0.004131415    9.457802773
    0.000947898    9.504006386
    0.004131415    9.504006386
    0.000956070    9.550433159
    0.004131415    9.550433159
    0.000968460    9.597087860
    0.004131415    9.597087860
    0.000981010    9.643971443
    0.004131415    9.643971443
    0.000993723    9.691082954
    0.004113722    9.691082954
    0.001010930    9.738424301
    0.004078561    9.738424301
    0.001024031    9.785996437
    0.004061094    9.785996437
    0.001041763    9.833803177
    0.004026384    9.833803177
    0.001059802    9.881841660
    0.004009140    9.881841660
    0.001078153    9.930114746
    0.003974873    9.930114746
    0.001096822    9.978625298
    0.003957850    9.978625298
    0.001115815   10.027371407
    0.003924021   10.027371407
    0.001140019   10.076356888
    0.003890483   10.076356888
    0.001159759   10.125581741
    0.003857230   10.125581741
    0.001179841   10.175044060
    0.003824262   10.175044060
    0.001195131   10.224750519
    0.003807884   10.224750519
    0.001215826   10.274700165
    0.003775338   10.274700165
    0.001236879   10.324891090
    0.003743069   10.324891090
    0.001258296   10.375330925
    0.003711077   10.375330925
    0.001280085   10.426015854
    0.003663600   10.426015854
    0.001302251   10.476945877
    0.003632287   10.476945877
    0.001324800   10.528127670
    0.003601242   10.528127670
    0.001353537   10.579556465
    0.003555170   10.579556465
    0.001382897   10.631239891
    0.003524784   10.631239891
    0.001388845   10.683175087
    0.003524784   10.683175087
    0.001400818   10.735361099
    0.003524784   10.735361099
    0.001406844   10.787805557
    0.003524784   10.787805557
    0.001412895   10.840502739
    0.003524784   10.840502739
    0.001425075   10.893461227
    0.003524784   10.893461227
    0.001431204   10.946677208
    0.003524784   10.946677208
    0.001443542   11.000150681
    0.003524784   11.000150681
    0.001449751   11.053888321
    0.003539945   11.053888321
    0.001455987   11.107889175
    0.003539945   11.107889175
    0.001468539   11.162149429
    0.003539945   11.162149429
    0.001462249   11.216678619
    0.003539945   11.216678619
    0.001455987   11.271474838
    0.003555170   11.271474838
    0.001443542   11.326538086
    0.003570462   11.326538086
    0.001437360   11.381866455
    0.003570462   11.381866455
    0.001431204   11.437469482
    0.003585819   11.437469482
    0.001418972   11.493343353
    0.003585819   11.493343353
    0.001412895   11.549487114
    0.003601242   11.549487114
    0.001406844   11.605908394
    0.003601242   11.605908394
    0.001400818   11.662605286
    0.003616731   11.662605286
    0.001388845   11.719579697
    0.003616731   11.719579697
    0.001382897   11.776828766
    0.003601242   11.776828766
    0.001371078   11.834360123
    0.003585819   11.834360123
    0.001359359   11.892173767
    0.003555170   11.892173767
    0.001347740   11.950265884
    0.003539945   11.950265884
    0.001341968   12.008645058
    0.003509688   12.008645058
    0.001330498   12.067309380
    0.003494657   12.067309380
    0.001319127   12.126256943
    0.003479691   12.126256943
    0.001307852   12.185495377
    0.003449949   12.185495377
    0.001296674   12.245023727
    0.003435174   12.245023727
    0.001291120   12.304840088
    0.003420462   12.304840088
    0.001269144   12.364951134
    0.003405813   12.364951134
    0.001252907   12.425355911
    0.003405813   12.425355911
    0.001231582   12.486056328
    0.003391227   12.486056328
    0.001215826   12.547049522
    0.003391227   12.547049522
    0.001195131   12.608344078
    0.003391227   12.608344078
    0.001179841   12.669938087
    0.003376703   12.669938087
    0.001159759   12.731829643
    0.003376703   12.731829643
    0.001144922   12.794027328
    0.003376703   12.794027328
    0.001130275   12.856524467
    0.003362242   12.856524467
    0.001111036   12.919331551
    0.003362242   12.919331551
    0.001101540   12.982444763
    0.003376703   12.982444763
    0.001087448   13.045862198
    0.003405813   13.045862198
    0.001073536   13.109593391
    0.003420462   13.109593391
    0.001064360   13.173632622
    0.003435174   13.173632622
    0.001050744   13.237988472
    0.003464788   13.237988472
    0.001041763   13.302658081
    0.003479691   13.302658081
    0.001032859   13.367640495
    0.003494657   13.367640495
    0.001019645   13.432944298
    0.003509688   13.432944298
    0.001010930   13.498566628
    0.003539945   13.498566628
    0.001002290   13.564509392
    0.003555170   13.564509392
    0.000997997   13.630770683
    0.003585819   13.630770683
    0.000993723   13.697359085
    0.003616731   13.697359085
    0.000989467   13.764273643
    0.003647910   13.764273643
    0.000989467   13.831510544
    0.003695183   13.831510544
    0.000985230   13.899080276
    0.003727039   13.899080276
    0.000985230   13.966979980
    0.003759169   13.966979980
    0.000981010   14.035206795
    0.003791576   14.035206795
    0.000976809   14.103771210
    0.003840711   14.103771210
    0.000976809   14.172671318
    0.003873821   14.172671318
    0.000972625   14.241903305
    0.003907216   14.241903305
    0.000972625   14.311477661
    0.003940899   14.311477661
    0.000976809   14.381391525
    0.003974873   14.381391525
    0.000976809   14.451647758
    0.004009140   14.451647758
    0.000981010   14.522242546
    0.004043702   14.522242546
    0.000985230   14.593186378
    0.004078561   14.593186378
    0.000985230   14.664476395
    0.004096104   14.664476395
    0.000989467   14.736110687
    0.004131415   14.736110687
    0.000989467   14.808099747
    0.004167031   14.808099747
    0.000993723   14.880439758
    0.004202954   14.880439758
    0.000993723   14.953133583
    0.004239188   14.953133583
    0.000997997   15.026178360
    0.004257421   15.026178360
    0.001006601   15.099583626
    0.004257421   15.099583626
    0.001010930   15.173347473
    0.004257421   15.173347473
    0.001015278   15.247467995
    0.004257421   15.247467995
    0.001019645   15.321954727
    0.004275733   15.321954727
    0.001028435   15.396805763
    0.004275733   15.396805763
    0.001032859   15.472017288
    0.004275733   15.472017288
    0.001037301   15.547600746
    0.004275733   15.547600746
    0.001046244   15.623549461
    0.004294123   15.623549461
    0.001050744   15.699872971
    0.004294123   15.699872971
    0.001059802   15.776570320
    0.004257421   15.776570320
    0.001068938   15.853636742
    0.004221032   15.853636742
    0.001078153   15.931084633
    0.004184955   15.931084633
    0.001087448   16.008907318
    0.004149185   16.008907318
    0.001101540   16.087112427
    0.004113722   16.087112427
    0.001111036   16.165700912
    0.004078561   16.165700912
    0.001120614   16.244668961
    0.004043702   16.244668961
    0.001135136   16.324028015
    0.004009140   16.324028015
    0.001144922   16.403774261
    0.003957850   16.403774261
    0.001159759   16.483903885
    0.003924021   16.483903885
    0.001159759   16.564432144
    0.003907216   16.564432144
    0.001164747   16.645351410
    0.003907216   16.645351410
    0.001164747   16.726667404
    0.003890483   16.726667404
    0.001164747   16.808374405
    0.003873821   16.808374405
    0.001164747   16.890487671
    0.003873821   16.890487671
    0.001169757   16.972999573
    0.003857230   16.972999573
    0.001169757   17.055912018
    0.003840711   17.055912018
    0.001169757   17.139232635
    0.003824262   17.139232635
    0.001174788   17.222955704
    0.003824262   17.222955704
    0.001174788   17.307094574
    0.003807884   17.307094574
    0.001169757   17.391641617
    0.003824262   17.391641617
    0.001164747   17.476598740
    0.003840711   17.476598740
    0.001154792   17.561975479
    0.003857230   17.561975479
    0.001149846   17.647764206
    0.003873821   17.647764206
    0.001144922   17.733976364
    0.003890483   17.733976364
    0.001135136   17.820610046
    0.003907216   17.820610046
    0.001130275   17.907661438
    0.003924021   17.907661438
    0.001125434   17.995143890
    0.003940899   17.995143890
    0.001115815   18.083053589
    0.003957850   18.083053589
    0.001111036   18.171392441
    0.003974873   18.171392441
    0.001106278   18.260158539
    0.003991970   18.260158539
    0.001101540   18.349361420
    0.004026384   18.349361420
    0.001096822   18.439002991
    0.004043702   18.439002991
    0.001092125   18.529075623
    0.004061094   18.529075623
    0.001087448   18.619592667
    0.004078561   18.619592667
    0.001082791   18.710552216
    0.004096104   18.710552216
    0.001082791   18.801952362
    0.004113722   18.801952362
    0.001078153   18.893802643
    0.004131415   18.893802643
    0.001073536   18.986103058
    0.004149185   18.986103058
    0.001068938   19.078847885
    0.004184955   19.078847885
    0.001064360   19.172052383
    0.004184955   19.172052383
    0.001059802   19.265710831
    0.004184955   19.265710831
    0.001055263   19.359827042
    0.004184955   19.359827042
    0.001055263   19.454397202
    0.004184955   19.454397202
    0.001050744   19.549436569
    0.004184955   19.549436569
    0.001046244   19.644939423
    0.004184955   19.644939423
    0.001041763   19.740901947
    0.004184955   19.740901947
    0.001037301   19.837339401
    0.004184955   19.837339401
    0.001037301   19.934244156
    0.004184955   19.934244156
    0.001032859   20.031625748
    0.004184955   20.031625748
    0.001032859   20.129484177
    0.004184955   20.129484177
    0.001032859   20.227815628
    0.004184955   20.227815628
    0.001032859   20.326631546
    0.004184955   20.326631546
    0.001032859   20.425924301
    0.004202954   20.425924301
    0.001032859   20.525709152
    0.004202954   20.525709152
    0.001032859   20.625982285
    0.004202954   20.625982285
    0.001032859   20.726737976
    0.004202954   20.726737976
    0.001032859   20.827991486
    0.004221032   20.827991486
    0.001032859   20.929738998
    0.004221032   20.929738998
    0.001032859   21.031984329
    0.004221032   21.031984329
    0.001037301   21.134723663
    0.004221032   21.134723663
    0.001041763   21.237972260
    0.004202954   21.237972260
    0.001046244   21.341722488
    0.004202954   21.341722488
    0.001050744   21.445974350
    0.004184955   21.445974350
    0.001055263   21.550743103
    0.004184955   21.550743103
    0.001059802   21.656021118
    0.004184955   21.656021118
    0.001064360   21.761810303
    0.004167031   21.761810303
    0.001068938   21.868120193
    0.004167031   21.868120193
    0.001073536   21.974948883
    0.004149185   21.974948883
    0.001073536   22.082294464
    0.004149185   22.082294464
    0.001082791   22.190170288
    0.004131415   22.190170288
    0.001087448   22.298574448
    0.004113722   22.298574448
    0.001096822   22.407506943
    0.004096104   22.407506943
    0.001101540   22.516965866
    0.004078561   22.516965866
    0.001106278   22.626964569
    0.004061094   22.626964569
    0.001115815   22.737501144
    0.004043702   22.737501144
    0.001120614   22.848571777
    0.004026384   22.848571777
    0.001130275   22.960191727
    0.004009140   22.960191727
    0.001135136   23.072349548
    0.003991970   23.072349548
    0.001144922   23.185062408
    0.003974873   23.185062408
    0.001140019   23.298326492
    0.003991970   23.298326492
    0.001140019   23.412136078
    0.004009140   23.412136078
    0.001135136   23.526508331
    0.004026384   23.526508331
    0.001130275   23.641433716
    0.004061094   23.641433716
    0.001130275   23.756925583
    0.004078561   23.756925583
    0.001125434   23.872982025
    0.004096104   23.872982025
    0.001125434   23.989599228
    0.004113722   23.989599228
    0.001120614   24.106792450
    0.004131415   24.106792450
    0.001120614   24.224559784
    0.004167031   24.224559784
    0.001115815   24.342901230
    0.004184955   24.342901230
    0.001111036   24.461812973
    0.004167031   24.461812973
    0.001106278   24.581314087
    0.004167031   24.581314087
    0.001101540   24.701398849
    0.004149185   24.701398849
    0.001096822   24.822061539
    0.004131415   24.822061539
    0.001092125   24.943323135
    0.004131415   24.943323135
    0.001087448   25.065174103
    0.004113722   25.065174103
    0.001082791   25.187616348
    0.004096104   25.187616348
    0.001073536   25.310661316
    0.004096104   25.310661316
    0.001068938   25.434309006
    0.004078561   25.434309006
    0.001064360   25.558553696
    0.004061094   25.558553696
    0.001064360   25.683410645
    0.004096104   25.683410645
    0.001059802   25.808879852
    0.004113722   25.808879852
    0.001059802   25.934961319
    0.004149185   25.934961319
    0.001055263   26.061651230
    0.004167031   26.061651230
    0.001055263   26.188966751
    0.004184955   26.188966751
    0.001050744   26.316904068
    0.004221032   26.316904068
    0.001050744   26.445459366
    0.004239188   26.445459366
    0.001046244   26.574649811
    0.004275733   26.574649811
    0.001046244   26.704473495
    0.004294123   26.704473495
    0.001041763   26.834928513
    0.004331142   26.834928513
    0.001046244   26.966014862
    0.004312593   26.966014862
    0.001050744   27.097747803
    0.004294123   27.097747803
    0.001050744   27.230125427
    0.004275733   27.230125427
    0.001055263   27.363142014
    0.004239188   27.363142014
    0.001059802   27.496816635
    0.004221032   27.496816635
    0.001064360   27.631143570
    0.004202954   27.631143570
    0.001064360   27.766119003
    0.004184955   27.766119003
    0.001068938   27.901762009
    0.004167031   27.901762009
    0.001073536   28.038059235
    0.004149185   28.038059235
    0.001078153   28.175029755
    0.004131415   28.175029755
    0.001078153   28.312669754
    0.004131415   28.312669754
    0.001078153   28.450975418
    0.004131415   28.450975418
    0.001082791   28.589963913
    0.004131415   28.589963913
    0.001082791   28.729621887
    0.004131415   28.729621887
    0.001082791   28.869972229
    0.004131415   28.869972229
    0.001087448   29.011007309
    0.004131415   29.011007309
    0.001087448   29.152723312
    0.004131415   29.152723312
    0.001087448   29.295139313
    0.004131415   29.295139313
    0.001087448   29.438251495
    0.004131415   29.438251495
    0.001092125   29.582054138
    0.004131415   29.582054138
    0.001092125   29.726568222
    0.004149185   29.726568222
    0.001092125   29.871788025
    0.004167031   29.871788025
    0.001092125   30.017717361
    0.004167031   30.017717361
    0.001096822   30.164350510
    0.004184955   30.164350510
    0.001096822   30.311708450
    0.004202954   30.311708450
    0.001096822   30.459787369
    0.004221032   30.459787369
    0.001096822   30.608579636
    0.004239188   30.608579636
    0.001096822   30.758108139
    0.004239188   30.758108139
    0.001101540   30.908367157
    0.004257421   30.908367157
    0.001101540   31.059360504
    0.004275733   31.059360504
    0.001096822   31.211082458
    0.004257421   31.211082458
    0.001096822   31.363554001
    0.004221032   31.363554001
    0.001096822   31.516771317
    0.004202954   31.516771317
    0.001092125   31.670726776
    0.004184955   31.670726776
    0.001092125   31.825445175
    0.004149185   31.825445175
    0.001087448   31.980916977
    0.004131415   31.980916977
    0.001087448   32.137142181
    0.004113722   32.137142181
    0.001082791   32.294136047
    0.004078561   32.294136047
    0.001082791   32.451889038
    0.004061094   32.451889038
    0.001078153   32.610424042
    0.004026384   32.610424042
    0.001078153   32.769733429
    0.004061094   32.769733429
    0.001078153   32.929809570
    0.004078561   32.929809570
    0.001078153   33.090675354
    0.004113722   33.090675354
    0.001078153   33.252323151
    0.004131415   33.252323151
    0.001078153   33.414764404
    0.004167031   33.414764404
    0.001078153   33.578002930
    0.004202954   33.578002930
    0.001078153   33.742027283
    0.004221032   33.742027283
    0.001078153   33.906864166
    0.004257421   33.906864166
    0.001078153   34.072505951
    0.004294123   34.072505951
    0.001078153   34.238945007
    0.004312593   34.238945007
    0.001073536   34.406208038
    0.004294123   34.406208038
    0.001073536   34.574291229
    0.004275733   34.574291229
    0.001068938   34.743190765
    0.004257421   34.743190765
    0.001064360   34.912910461
    0.004239188   34.912910461
    0.001064360   35.083465576
    0.004221032   35.083465576
    0.001059802   35.254852295
    0.004202954   35.254852295
    0.001059802   35.427070618
    0.004184955   35.427070618
    0.001055263   35.600139618
    0.004167031   35.600139618
    0.001055263   35.774040222
    0.004149185   35.774040222
    0.001050744   35.948802948
    0.004131415   35.948802948
    0.001055263   36.124420166
    0.004149185   36.124420166
    0.001059802   36.300884247
    0.004149185   36.300884247
    0.001064360   36.478221893
    0.004167031   36.478221893
    0.001068938   36.656414032
    0.004167031   36.656414032
    0.001073536   36.835487366
    0.004184955   36.835487366
    0.001078153   37.015434265
    0.004202954   37.015434265
    0.001082791   37.196250916
    0.004202954   37.196250916
    0.001087448   37.377964020
    0.004221032   37.377964020
    0.001092125   37.560562134
    0.004221032   37.560562134
    0.001096822   37.744049072
    0.004239188   37.744049072
    0.001096822   37.928428650
    0.004221032   37.928428650
    0.001096822   38.113712311
    0.004221032   38.113712311
    0.001096822   38.299907684
    0.004202954   38.299907684
    0.001092125   38.486999512
    0.004184955   38.486999512
    0.001092125   38.675014496
    0.004184955   38.675014496
    0.001092125   38.863948822
    0.004167031   38.863948822
    0.001092125   39.053794861
    0.004149185   39.053794861
    0.001092125   39.244579315
    0.004131415   39.244579315
    0.001092125   39.436298370
    0.004131415   39.436298370
    0.001092125   39.628940582
    0.004113722   39.628940582
    0.001087448   39.822532654
    0.004131415   39.822532654
    0.001078153   40.017074585
    0.004131415   40.017074585
    0.001073536   40.212566376
    0.004149185   40.212566376
    0.001068938   40.409000397
    0.004149185   40.409000397
    0.001064360   40.606403351
    0.004167031   40.606403351
    0.001059802   40.804775238
    0.004167031   40.804775238
    0.001055263   41.004100800
    0.004184955   41.004100800
    0.001050744   41.204414368
    0.004202954   41.204414368
    0.001046244   41.405704498
    0.004202954   41.405704498
    0.001041763   41.607978821
    0.004221032   41.607978821
    0.001046244   41.811229706
    0.004221032   41.811229706
    0.001055263   42.015487671
    0.004221032   42.015487671
    0.001059802   42.220737457
    0.004221032   42.220737457
    0.001068938   42.426982880
    0.004221032   42.426982880
    0.001073536   42.634246826
    0.004221032   42.634246826
    0.001082791   42.842521667
    0.004221032   42.842521667
    0.001087448   43.051803589
    0.004221032   43.051803589
    0.001096822   43.262119293
    0.004221032   43.262119293
    0.001101540   43.473453522
    0.004239188   43.473453522
    0.001111036   43.685829163
    0.004239188   43.685829163
    0.001106278   43.899242401
    0.004202954   43.899242401
    0.001106278   44.113685608
    0.004184955   44.113685608
    0.001101540   44.329189301
    0.004149185   44.329189301
    0.001096822   44.545730591
    0.004131415   44.545730591
    0.001096822   44.763343811
    0.004113722   44.763343811
    0.001092125   44.982021332
    0.004078561   44.982021332
    0.001087448   45.201755524
    0.004061094   45.201755524
    0.001087448   45.422573090
    0.004026384   45.422573090
    0.001082791   45.644470215
    0.004009140   45.644470215
    0.001078153   45.867439270
    0.003974873   45.867439270
    0.001082791   46.091510773
    0.004009140   46.091510773
    0.001082791   46.316677094
    0.004043702   46.316677094
    0.001082791   46.542942047
    0.004061094   46.542942047
    0.001082791   46.770298004
    0.004096104   46.770298004
    0.001082791   46.998783112
    0.004131415   46.998783112
    0.001082791   47.228378296
    0.004167031   47.228378296
    0.001082791   47.459083557
    0.004202954   47.459083557
    0.001082791   47.690929413
    0.004239188   47.690929413
    0.001082791   47.923908234
    0.004275733   47.923908234
    0.001082791   48.158027649
    0.004312593   48.158027649
    0.001082791   48.393276215
    0.004294123   48.393276215
    0.001082791   48.629684448
    0.004294123   48.629684448
    0.001082791   48.867248535
    0.004294123   48.867248535
    0.001082791   49.105960846
    0.004275733   49.105960846
    0.001087448   49.345851898
    0.004275733   49.345851898
    0.001087448   49.586914062
    0.004257421   49.586914062
    0.001087448   49.829143524
    0.004257421   49.829143524
    0.001087448   50.072566986
    0.004239188   50.072566986
    0.001087448   50.317169189
    0.004239188   50.317169189
    0.001087448   50.562976837
    0.004221032   50.562976837
    0.001082791   50.809986115
    0.004221032   50.809986115
    0.001082791   51.058185577
    0.004239188   51.058185577
    0.001078153   51.307617188
    0.004239188   51.307617188
    0.001078153   51.558246613
    0.004239188   51.558246613
    0.001078153   51.810119629
    0.004239188   51.810119629
    0.001073536   52.063220978
    0.004239188   52.063220978
    0.001073536   52.317546844
    0.004239188   52.317546844
    0.001068938   52.573127747
    0.004257421   52.573127747
    0.001068938   52.829956055
    0.004257421   52.829956055
    0.001064360   53.088024139
    0.004257421   53.088024139
    0.001068938   53.347370148
    0.004239188   53.347370148
    0.001068938   53.607982635
    0.004239188   53.607982635
    0.001073536   53.869865417
    0.004221032   53.869865417
    0.001073536   54.133014679
    0.004202954   54.133014679
    0.001078153   54.397464752
    0.004202954   54.397464752
    0.001078153   54.663204193
    0.004184955   54.663204193
    0.001082791   54.930229187
    0.004167031   54.930229187
    0.001082791   55.198574066
    0.004149185   55.198574066
    0.001087448   55.468231201
    0.004149185   55.468231201
    0.001092125   55.739200592
    0.004131415   55.739200592
    0.001087448   56.011482239
    0.004131415   56.011482239
    0.001087448   56.285110474
    0.004131415   56.285110474
    0.001087448   56.560070038
    0.004131415   56.560070038
    0.001087448   56.836360931
    0.004131415   56.836360931
    0.001082791   57.114017487
    0.004131415   57.114017487
    0.001082791   57.393032074
    0.004131415   57.393032074
    0.001082791   57.673389435
    0.004113722   57.673389435
    0.001082791   57.955135345
    0.004113722   57.955135345
    0.001082791   58.238239288
    0.004113722   58.238239288
    0.001078153   58.522743225
    0.004113722   58.522743225
    0.001078153   58.808639526
    0.004131415   58.808639526
    0.001078153   59.095912933
    0.004131415   59.095912933
    0.001078153   59.384609222
    0.004149185   59.384609222
    0.001078153   59.674694061
    0.004149185   59.674694061
    0.001078153   59.966217041
    0.004167031   59.966217041
    0.001078153   60.259162903
    0.004167031   60.259162903
    0.001078153   60.553524017
    0.004167031   60.553524017
    0.001078153   60.849338531
    0.004184955   60.849338531
    0.001078153   61.146598816
    0.004184955   61.146598816
    0.001078153   61.445293427
    0.004202954   61.445293427
    0.001078153   61.745464325
    0.004221032   61.745464325
    0.001078153   62.047103882
    0.004239188   62.047103882
    0.001078153   62.350215912
    0.004239188   62.350215912
    0.001073536   62.654788971
    0.004257421   62.654788971
    0.001073536   62.960868835
    0.004275733   62.960868835
    0.001073536   63.268444061
    0.004294123   63.268444061
    0.001073536   63.577503204
    0.004312593   63.577503204
    0.001068938   63.888092041
    0.004331142   63.888092041
    0.001068938   64.200195312
    0.004349770   64.200195312
    0.001068938   64.513824463
    0.004349770   64.513824463
    0.001068938   64.828971863
    0.004349770   64.828971863
    0.001068938   65.145675659
    0.004349770   65.145675659
    0.001073536   65.463920593
    0.004331142   65.463920593
    0.001073536   65.783706665
    0.004312593   65.783706665
    0.001073536   66.105072021
    0.004312593   66.105072021
    0.001073536   66.428009033
    0.004294123   66.428009033
    0.001073536   66.752502441
    0.004294123   66.752502441
    0.001078153   67.078598022
    0.004275733   67.078598022
    0.001078153   67.406272888
    0.004275733   67.406272888
    0.001078153   67.735565186
    0.004257421   67.735565186
    0.001078153   68.066467285
    0.004257421   68.066467285
    0.001078153   68.398963928
    0.004257421   68.398963928
    0.001082791   68.733100891
    0.004257421   68.733100891
    0.001082791   69.068855286
    0.004239188   69.068855286
    0.001082791   69.406272888
    0.004239188   69.406272888
    0.001082791   69.745330811
    0.004239188   69.745330811
    0.001087448   70.086036682
    0.004239188   70.086036682
    0.001087448   70.428413391
    0.004221032   70.428413391
    0.001087448   70.772468567
    0.004221032   70.772468567
    0.001092125   71.118186951
    0.004221032   71.118186951
    0.001087448   71.465614319
    0.004221032   71.465614319
    0.001082791   71.814735413
    0.004221032   71.814735413
    0.001082791   72.165565491
    0.004221032   72.165565491
    0.001078153   72.518089294
    0.004202954   72.518089294
    0.001073536   72.872352600
    0.004202954   72.872352600
    0.001068938   73.228347778
    0.004202954   73.228347778
    0.001068938   73.586059570
    0.004202954   73.586059570
    0.001064360   73.945541382
    0.004202954   73.945541382
    0.001059802   74.306777954
    0.004202954   74.306777954
    0.001059802   74.669776917
    0.004202954   74.669776917
    0.001059802   75.034530640
    0.004221032   75.034530640
    0.001059802   75.401092529
    0.004239188   75.401092529
    0.001064360   75.769439697
    0.004239188   75.769439697
    0.001064360   76.139564514
    0.004257421   76.139564514
    0.001064360   76.511520386
    0.004275733   76.511520386
    0.001068938   76.885292053
    0.004294123   76.885292053
    0.001068938   77.260871887
    0.004312593   77.260871887
    0.001068938   77.638305664
    0.004331142   77.638305664
    0.001073536   78.017562866
    0.004349770   78.017562866
    0.001073536   78.398689270
    0.004368480   78.398689270
    0.001073536   78.781684875
    0.004368480   78.781684875
    0.001073536   79.166519165
    0.004349770   79.166519165
    0.001073536   79.553268433
    0.004331142   79.553268433
    0.001073536   79.941879272
    0.004331142   79.941879272
    0.001073536   80.332405090
    0.004312593   80.332405090
    0.001073536   80.724845886
    0.004312593   80.724845886
    0.001073536   81.119178772
    0.004294123   81.119178772
    0.001073536   81.515457153
    0.004294123   81.515457153
    0.001073536   81.913681030
    0.004275733   81.913681030
    0.001073536   82.313819885
    0.004257421   82.313819885
    0.001073536   82.715934753
    0.004257421   82.715934753
    0.001073536   83.120018005
    0.004239188   83.120018005
    0.001073536   83.526077271
    0.004221032   83.526077271
    0.001073536   83.934089661
    0.004202954   83.934089661
    0.001073536   84.344123840
    0.004202954   84.344123840
    0.001078153   84.756164551
    0.004184955   84.756164551
    0.001078153   85.170188904
    0.004167031   85.170188904
    0.001078153   85.586257935
    0.004167031   85.586257935
    0.001078153   86.004364014
    0.004149185   86.004364014
    0.001078153   86.424507141
    0.004131415   86.424507141
    0.001078153   86.846687317
    0.004131415   86.846687317
    0.001078153   87.270950317
    0.004149185   87.270950317
    0.001082791   87.697280884
    0.004149185   87.697280884
    0.001082791   88.125671387
    0.004149185   88.125671387
    0.001082791   88.556182861
    0.004149185   88.556182861
    0.001082791   88.988800049
    0.004149185   88.988800049
    0.001082791   89.423500061
    0.004167031   89.423500061
    0.001087448   89.860351562
    0.004167031   89.860351562
    0.001087448   90.299308777
    0.004167031   90.299308777
    0.001087448   90.740440369
    0.004167031   90.740440369
    0.001087448   91.183723450
    0.004184955   91.183723450
    0.001087448   91.629142761
    0.004184955   91.629142761
    0.001087448   92.076766968
    0.004184955   92.076766968
    0.001087448   92.526557922
    0.004184955   92.526557922
    0.001092125   92.978561401
    0.004184955   92.978561401
    0.001092125   93.432785034
    0.004184955   93.432785034
    0.001092125   93.889190674
    0.004184955   93.889190674
    0.001092125   94.347854614
    0.004202954   94.347854614
    0.001092125   94.808761597
    0.004202954   94.808761597
    0.001092125   95.271896362
    0.004202954   95.271896362
    0.001092125   95.737312317
    0.004202954   95.737312317
    0.001092125   96.205009460
    0.004202954   96.205009460
    0.001092125   96.674987793
    0.004202954   96.674987793
    0.001092125   97.147239685
    0.004221032   97.147239685
    0.001087448   97.621818542
    0.004221032   97.621818542
    0.001087448   98.087326050
    0.004221032   98.087326050
    0.001087448   98.555084229
    0.004221032   98.555084229
    0.001087448   99.025047302
    0.004239188   99.025047302
    0.001087448   99.497253418
    0.004239188   99.497253418
    0.001087448   99.971733093
    0.004239188   99.971733093
    0.001087448  100.448417664
    0.004239188  100.448417664
    0.001087448  100.927436829
    0.004239188  100.927436829
    0.001087448  101.408737183
    0.004239188  101.408737183
    0.001087448  101.892280579
    0.004239188  101.892280579
