    0.966469884    0.022571892
    0.958209395    0.022682160
    0.950019479    0.022792965
    0.937865674    0.022904307
    0.929849625    0.023016199
    0.921902120    0.023128638
    0.910108030    0.023241624
    0.902329206    0.023355158
    0.894616902    0.023469253
    0.886970520    0.023583904
    0.875623345    0.023699109
    0.868139267    0.023814883
    0.860719204    0.023931224
    0.849707842    0.024048131
    0.842445314    0.024165604
    0.835244834    0.024283659
    0.828105927    0.024402289
    0.817511797    0.024521491
    0.810524404    0.024641283
    0.803596735    0.024761660
    0.793316126    0.024882618
    0.786535621    0.025004175
    0.779812992    0.025126318
    0.773147881    0.025249064
    0.763256848    0.025372410
    0.756733179    0.025496352
    0.750265300    0.025620906
    0.743852735    0.025746062
    0.734336436    0.025871836
    0.728060007    0.025998225
    0.721837163    0.026125224
    0.712602556    0.026252851
    0.706511915    0.026381100
    0.700473249    0.026509969
    0.694486260    0.026639475
    0.685601532    0.026769614
    0.679741621    0.026900388
    0.673931777    0.027031794
    0.668171585    0.027163850
    0.659623563    0.027296551
    0.653985679    0.027429890
    0.648396015    0.027563890
    0.640100956    0.027698545
    0.634629905    0.027833859
    0.629205704    0.027969824
    0.623827815    0.028106460
    0.615846992    0.028243767
    0.610583305    0.028381735
    0.605364561    0.028520385
    0.597620010    0.028659711
    0.592512131    0.028799711
    0.587447822    0.028940404
    0.582426846    0.029081782
    0.574975729    0.029223844
    0.570061386    0.029366609
    0.565189004    0.029510070
    0.557958424    0.029654231
    0.553189456    0.029799089
    0.548461318    0.029944664
    0.543773532    0.030090949
    0.536816955    0.030237939
    0.532228708    0.030385658
    0.527679682    0.030534096
    0.520929039    0.030683262
    0.516476572    0.030833146
    0.512062192    0.030983772
    0.505511284    0.031135133
    0.501190603    0.031287227
    0.496906877    0.031440068
    0.492659748    0.031593658
    0.486357033    0.031747993
    0.482200116    0.031903088
    0.478078693    0.032058928
    0.471962541    0.032215543
    0.467928618    0.032372922
    0.463929176    0.032531060
    0.459963948    0.032689981
    0.454079509    0.032849669
    0.450198442    0.033010144
    0.446350574    0.033171404
    0.440640271    0.033333443
    0.436874062    0.033496283
    0.433140069    0.033659913
    0.429437965    0.033824347
    0.423944086    0.033989582
    0.420320600    0.034155618
    0.416728079    0.034322474
    0.413166255    0.034490138
    0.407880515    0.034658629
    0.404394299    0.034827944
    0.400937915    0.034998074
    0.397511035    0.035169046
    0.392425597    0.035340853
    0.389071494    0.035513490
    0.385746092    0.035686977
    0.380811155    0.035861317
    0.377556324    0.036036506
    0.374329329    0.036212541
    0.371129870    0.036389444
    0.366381913    0.036567215
    0.363250405    0.036745843
    0.360145688    0.036925353
    0.357067466    0.037105739
    0.352499425    0.037287008
    0.349486589    0.037469149
    0.346499473    0.037652194
    0.342066646    0.037836131
    0.339142978    0.038020957
    0.336244285    0.038206697
    0.333370358    0.038393345
    0.329105496    0.038580891
    0.326292574    0.038769364
    0.323503733    0.038958762
    0.320738703    0.039149072
    0.316635430    0.039340321
    0.313929111    0.039532505
    0.311245918    0.039725628
    0.308585674    0.039919686
    0.304637879    0.040114701
    0.302034110    0.040310670
    0.299452603    0.040507581
    0.295621634    0.040705469
    0.293094933    0.040904310
    0.290589809    0.041104134
    0.288106114    0.041304938
    0.284420311    0.041506708
    0.281989336    0.041709475
    0.279579133    0.041913223
    0.277189553    0.042117976
    0.273643374    0.042323731
    0.271304518    0.042530477
    0.268985659    0.042738248
    0.266686589    0.042947032
    0.263274819    0.043156836
    0.261024594    0.043367650
    0.258793592    0.043579511
    0.256581634    0.043792404
    0.253299147    0.044006325
    0.251134187    0.044221304
    0.248987734    0.044437334
    0.245802373    0.044654407
    0.243701473    0.044872552
    0.241618499    0.045091763
    0.239553362    0.045312032
    0.236488715    0.045533389
    0.234467417    0.045755826
    0.232463405    0.045979351
    0.230476514    0.046203956
    0.227527976    0.046429671
    0.225583270    0.046656489
    0.223655194    0.046884403
    0.220793918    0.047113441
    0.218906775    0.047343586
    0.217035756    0.047574867
    0.215180725    0.047807280
    0.212427869    0.048040811
    0.210612223    0.048275501
    0.208812103    0.048511323
    0.206140727    0.048748307
    0.204378828    0.048986454
    0.202631980    0.049225748
    0.200900063    0.049466223
    0.198329896    0.049707875
    0.196634755    0.049950708
    0.194954097    0.050194710
    0.192460015    0.050439920
    0.190815032    0.050686330
    0.189184114    0.050933927
    0.186763838    0.051182751
    0.185167551    0.051432785
    0.183584914    0.051684029
    0.182015792    0.051936515
    0.179687217    0.052190237
    0.178151414    0.052445181
    0.176628739    0.052701384
    0.174369097    0.052958839
    0.172878742    0.053217553
    0.171401128    0.053477515
    0.966469884    0.053477515
    0.169936150    0.053738765
    0.958209395    0.053738765
    0.167762116    0.054001287
    0.945950806    0.054001287
    0.166328236    0.054265078
    0.937865674    0.054265078
    0.164906606    0.054530174
    0.929849625    0.054530174
    0.163497135    0.054796547
    0.921902120    0.054796547
    0.161405489    0.055064239
    0.914022505    0.055064239
    0.160025939    0.055333238
    0.902329206    0.055333238
    0.158658177    0.055603534
    0.894616902    0.055603534
    0.157302111    0.055875167
    0.883171916    0.055875167
    0.155289710    0.056148112
    0.875623345    0.056148112
    0.153962433    0.056422409
    0.868139267    0.056422409
    0.152646497    0.056698039
    0.857033014    0.056698039
    0.151341811    0.056975007
    0.849707842    0.056975007
    0.149405673    0.057253338
    0.842445314    0.057253338
    0.148128688    0.057533033
    0.835244834    0.057533033
    0.146862611    0.057814091
    0.828105927    0.057814091
    0.144983768    0.058096506
    0.817511797    0.058096506
    0.143744558    0.058380321
    0.810524404    0.058380321
    0.142515957    0.058665518
    0.803596735    0.058665518
    0.141297862    0.058952093
    0.793316126    0.058952093
    0.139490202    0.059240084
    0.786535621    0.059240084
    0.138297960    0.059529483
    0.779812992    0.059529483
    0.137115926    0.059820279
    0.769836664    0.059820279
    0.135943979    0.060112514
    0.763256848    0.060112514
    0.134204820    0.060406171
    0.756733179    0.060406171
    0.133057758    0.060701251
    0.750265300    0.060701251
    0.131920502    0.060997788
    0.740666986    0.060997788
    0.130792961    0.061295774
    0.734336436    0.061295774
    0.129119694    0.061595213
    0.728060007    0.061595213
    0.128016099    0.061896101
    0.718745768    0.061896101
    0.126921922    0.062198475
    0.712602556    0.062198475
    0.125837117    0.062502325
    0.706511915    0.062502325
    0.124227256    0.062807642
    0.700473249    0.062807642
    0.123165473    0.063114472
    0.691511989    0.063114472
    0.122112766    0.063422777
    0.685601532    0.063422777
    0.120550551    0.063732609
    0.679741621    0.063732609
    0.119520187    0.064043954
    0.673931777    0.064043954
    0.118498638    0.064356804
    0.665310025    0.064356804
    0.117485821    0.064671196
    0.659623563    0.064671196
    0.115982801    0.064987108
    0.653985679    0.064987108
    0.114991479    0.065304585
    0.645619094    0.065304585
    0.114008635    0.065623611
    0.640100956    0.065623611
    0.113034196    0.065944172
    0.634629905    0.065944172
    0.111588120    0.066266321
    0.629205704    0.066266321
    0.110634372    0.066590048
    0.621156096    0.066590048
    0.109688766    0.066915348
    0.615846992    0.066915348
    0.108751245    0.067242227
    0.610583305    0.067242227
    0.107359968    0.067570716
    0.602771997    0.067570716
    0.106442347    0.067900814
    0.597620010    0.067900814
    0.105532579    0.068232499
    0.592512131    0.068232499
    0.104630575    0.068565831
    0.584931970    0.068565831
    0.103292018    0.068900786
    0.579932511    0.068900786
    0.102409154    0.069237359
    0.574975729    0.069237359
    0.101533853    0.069575593
    0.570061386    0.069575593
    0.100666031    0.069915488
    0.565189004    0.069915488
    0.099805631    0.070257016
    0.560358286    0.070257016
    0.098528795    0.070600234
    0.553189456    0.070600234
    0.097686663    0.070945129
    0.548461318    0.070945129
    0.096851721    0.071291707
    0.541444719    0.071291707
    0.096023925    0.071639962
    0.536816955    0.071639962
    0.094795465    0.071989939
    0.532228708    0.071989939
    0.093985237    0.072341621
    0.525419772    0.072341621
    0.093181938    0.072695002
    0.520929039    0.072695002
    0.092385501    0.073050134
    0.516476572    0.073050134
    0.091203593    0.073406994
    0.512062192    0.073406994
    0.090424068    0.073765598
    0.507685542    0.073765598
    0.089651205    0.074125938
    0.501190603    0.074125938
    0.088884950    0.074488059
    0.496906877    0.074488059
    0.087747820    0.074851945
    0.490549833    0.074851945
    0.086997837    0.075217590
    0.486357033    0.075217590
    0.086254254    0.075585037
    0.482200116    0.075585037
    0.085517034    0.075954288
    0.478078693    0.075954288
    0.084422991    0.076325320
    0.471962541    0.076325320
    0.083701424    0.076698177
    0.467928618    0.076698177
    0.082986020    0.077072844
    0.463929176    0.077072844
    0.082276724    0.077449359
    0.459963948    0.077449359
    0.081224144    0.077827714
    0.454079509    0.077827714
    0.080529913    0.078207895
    0.450198442    0.078207895
    0.079841614    0.078589953
    0.446350574    0.078589953
    0.079159200    0.078973860
    0.440640271    0.078973860
    0.078146502    0.079359658
    0.436874062    0.079359658
    0.077478573    0.079747342
    0.433140069    0.079747342
    0.076816358    0.080136903
    0.429437965    0.080136903
    0.076159798    0.080528386
    0.423944086    0.080528386
    0.075185470    0.080921784
    0.420320600    0.080921784
    0.074542850    0.081317075
    0.416728079    0.081317075
    0.073905729    0.081714325
    0.413166255    0.081714325
    0.072960235    0.082113512
    0.407880515    0.082113512
    0.072336636    0.082514651
    0.404394299    0.082514651
    0.071718365    0.082917728
    0.400937915    0.082917728
    0.071105383    0.083322801
    0.395808607    0.083322801
    0.070195720    0.083729848
    0.392425597    0.083729848
    0.069595747    0.084138855
    0.389071494    0.084138855
    0.069000907    0.084549889
    0.385746092    0.084549889
    0.068411149    0.084962934
    0.380811155    0.084962934
    0.067535952    0.085377991
    0.377556324    0.085377991
    0.066958711    0.085795052
    0.374329329    0.085795052
    0.066386409    0.086214177
    0.371129870    0.086214177
    0.065537117    0.086635351
    0.366381913    0.086635351
    0.064976960    0.087058559
    0.363250405    0.087058559
    0.064421594    0.087483853
    0.360145688    0.087483853
    0.063870981    0.087911226
    0.355538249    0.087911226
    0.063053861    0.088340670
    0.352499425    0.088340670
    0.062514938    0.088772230
    0.349486589    0.088772230
    0.061980616    0.089205869
    0.346499473    0.089205869
    0.061450861    0.089641660
    0.343537927    0.089641660
    0.060664706    0.090079576
    0.339142978    0.090079576
    0.060146198    0.090519607
    0.336244285    0.090519607
    0.059632123    0.090961806
    0.331942618    0.090961806
    0.059122439    0.091406152
    0.329105496    0.091406152
    0.058366075    0.091852687
    0.326292574    0.091852687
    0.057867214    0.092301399
    0.323503733    0.092301399
    0.057372618    0.092752285
    0.319365084    0.092752285
    0.056882247    0.093205392
    0.316635430    0.093205392
    0.056154542    0.093660720
    0.313929111    0.093660720
    0.055674583    0.094118245
    0.311245918    0.094118245
    0.055198725    0.094578028
    0.307264090    0.094578028
    0.054726936    0.095040061
    0.304637879    0.095040061
    0.054026805    0.095504351
    0.302034110    0.095504351
    0.053565029    0.095970877
    0.298170120    0.095970877
    0.053107206    0.096439712
    0.295621634    0.096439712
    0.052427795    0.096910842
    0.293094933    0.096910842
    0.051979687    0.097384237
    0.290589809    0.097384237
    0.051535413    0.097859979
    0.286872238    0.097859979
    0.051094934    0.098338045
    0.284420311    0.098338045
    0.050441265    0.098818414
    0.281989336    0.098818414
    0.050010137    0.099301159
    0.279579133    0.099301159
    0.049582697    0.099786267
    0.276002377    0.099786267
    0.049158908    0.100273713
    0.273643374    0.100273713
    0.048530009    0.100763567
    0.271304518    0.100763567
    0.048115216    0.101255797
    0.267833650    0.101255797
    0.047703970    0.101750441
    0.265544444    0.101750441
    0.047296241    0.102247506
    0.263274819    0.102247506
    0.046691168    0.102746993
    0.261024594    0.102746993
    0.046292096    0.103248917
    0.258793592    0.103248917
    0.045896433    0.103753306
    0.256581634    0.103753306
    0.045504149    0.104260147
    0.253299147    0.104260147
    0.044922005    0.104769461
    0.251134187    0.104769461
    0.044538055    0.105281264
    0.247921392    0.105281264
    0.044157382    0.105795585
    0.245802373    0.105795585
    0.043779965    0.106312394
    0.243701473    0.106312394
    0.043219864    0.106831737
    0.241618499    0.106831737
    0.042850461    0.107353628
    0.238527432    0.107353628
    0.042484213    0.107878059
    0.236488715    0.107878059
    0.042121097    0.108405061
    0.234467417    0.108405061
    0.041582234    0.108934626
    0.232463405    0.108934626
    0.041226827    0.109466776
    0.230476514    0.109466776
    0.040874455    0.110001542
    0.227527976    0.110001542
    0.040525097    0.110538900
    0.225583270    0.110538900
    0.040006652    0.111078903
    0.222697333    0.111078903
    0.039664712    0.111621529
    0.220793918    0.111621529
    0.039325692    0.112166807
    0.218906775    0.112166807
    0.038989570    0.112714760
    0.217035756    0.112714760
    0.038656324    0.113265380
    0.215180725    0.113265380
    0.038325936    0.113818683
    0.212427869    0.113818683
    0.037835624    0.114374690
    0.210612223    0.114374690
    0.037512239    0.114933431
    0.208812103    0.114933431
    0.037191618    0.115494892
    0.206140727    0.115494892
    0.036873735    0.116059087
    0.204378828    0.116059087
    0.036558565    0.116626054
    0.202631980    0.116626054
    0.036246095    0.117195778
    0.200900063    0.117195778
    0.035782389    0.117768288
    0.198329896    0.117768288
    0.035476554    0.118343607
    0.196634755    0.118343607
    0.035173330    0.118921719
    0.194954097    0.118921719
    0.034872703    0.119502671
    0.193287805    0.119502671
    0.034574643    0.120086446
    0.191635758    0.120086446
    0.034132320    0.120673075
    0.189184114    0.120673075
    0.033840589    0.121262588
    0.187567145    0.121262588
    0.033551350    0.121854961
    0.185167551    0.121854961
    0.033264581    0.122450240
    0.183584914    0.122450240
    0.032980267    0.123048417
    0.182015792    0.123048417
    0.032558344    0.123649515
    0.180460081    0.123649515
    0.032280065    0.124253564
    0.178151414    0.124253564
    0.032004163    0.124860547
    0.176628739    0.124860547
    0.031730618    0.125470504
    0.175119072    0.125470504
    0.031459413    0.126083449
    0.173622310    0.126083449
    0.031056948    0.126699373
    0.172138348    0.126699373
    0.030791501    0.127318293
    0.169936150    0.127318293
    0.030528322    0.127940252
    0.168483689    0.127940252
    0.030267393    0.128565267
    0.166328236    0.128565267
    0.030008696    0.129193306
    0.164906606    0.129193306
    0.029752208    0.129824430
    0.163497135    0.129824430
    0.029371582    0.130458638
    0.162099719    0.130458638
    0.029120540    0.131095931
    0.160714224    0.131095931
    0.028871644    0.131736353
    0.158658177    0.131736353
    0.028624875    0.132379889
    0.157302111    0.132379889
    0.028380215    0.133026585
    0.155957639    0.133026585
    0.028017141    0.133676425
    0.153962433    0.133676425
    0.027777676    0.134329438
    0.152646497    0.134329438
    0.027540257    0.134985670
    0.151341811    0.134985670
    0.027304867    0.135645077
    0.150048286    0.135645077
    0.027071491    0.136307701
    0.148128688    0.136307701
    0.026725158    0.136973590
    0.146862611    0.136973590
    0.026496736    0.137642711
    0.145607367    0.137642711
    0.026270267    0.138315111
    0.144362822    0.138315111
    0.026045732    0.138990805
    0.143128932    0.138990805
    0.025823116    0.139669776
    0.141297862    0.139669776
    0.025602402    0.140352070
    0.140090168    0.140352070
    0.025274865    0.141037703
    0.138892800    0.141037703
    0.025058839    0.141726688
    0.137115926    0.141726688
    0.024844659    0.142419025
    0.135943979    0.142419025
    0.024632309    0.143114761
    0.134782046    0.143114761
    0.024421774    0.143813893
    0.133057758    0.143813893
    0.024213038    0.144516438
    0.131920502    0.144516438
    0.023903277    0.145222425
    0.130792961    0.145222425
    0.023698973    0.145931840
    0.129675061    0.145931840
    0.023496415    0.146644726
    0.128566712    0.146644726
    0.023295589    0.147361115
    0.126921922    0.147361115
    0.023096479    0.148080975
    0.125837117    0.148080975
    0.022801001    0.148804381
    0.124761574    0.148804381
    0.022606118    0.149531290
    0.123165473    0.149531290
    0.022412902    0.150261760
    0.122112766    0.150261760
    0.022221336    0.150995821
    0.121069051    0.150995821
    0.022031408    0.151733443
    0.120034263    0.151733443
    0.021749556    0.152474687
    0.119008318    0.152474687
    0.021563660    0.153219521
    0.117485821    0.153219521
    0.021379353    0.153968006
    0.116481654    0.153968006
    0.021196622    0.154720172
    0.115486078    0.154720172
    0.021015447    0.155475989
    0.114008635    0.155475989
    0.020835824    0.156235516
    0.113034196    0.156235516
    0.020569269    0.156998739
    0.112068079    0.156998739
    0.020393461    0.157765672
    0.110634372    0.157765672
    0.020219155    0.158536375
    0.109688766    0.158536375
    0.020046346    0.159310848
    0.108751245    0.159310848
    0.019789888    0.160089090
    0.107821733    0.160089090
    0.019620743    0.160871133
    0.106900170    0.160871133
    0.019453041    0.161656991
    0.105532579    0.161656991
    0.019286774    0.162446693
    0.104630575    0.162446693
    0.019121928    0.163240284
    0.103736289    0.163240284
    0.018877298    0.164037719
    0.102409154    0.164037719
    0.018715952    0.164839044
    0.101533853    0.164839044
    0.018555984    0.165644288
    0.100666031    0.165644288
    0.018397380    0.166453496
    0.099805631    0.166453496
    0.018240135    0.167266622
    0.098952584    0.167266622
    0.018006785    0.168083757
    0.097686663    0.168083757
    0.017852880    0.168904856
    0.096851721    0.168904856
    0.017700288    0.169729963
    0.096023925    0.169729963
    0.017549003    0.170559123
    0.095203198    0.170559123
    0.017399009    0.171392307
    0.093985237    0.171392307
    0.017176419    0.172229588
    0.093181938    0.172229588
    0.017029611    0.173070937
    0.092385501    0.173070937
    0.016884059    0.173916399
    0.091203593    0.173916399
    0.016739748    0.174766004
    0.090424068    0.174766004
    0.016525593    0.175619751
    0.089651205    0.175619751
    0.016384346    0.176477656
    0.088884950    0.176477656
    0.016244309    0.177339762
    0.088125236    0.177339762
    0.016105467    0.178206101
    0.086997837    0.178206101
    0.015967812    0.179076642
    0.086254254    0.179076642
    0.015763532    0.179951444
    0.085517034    0.179951444
    0.015628800    0.180830538
    0.084422991    0.180830538
    0.015495218    0.181713894
    0.083701424    0.181713894
    0.015362780    0.182601586
    0.082986020    0.182601586
    0.015166240    0.183493629
    0.082276724    0.183493629
    0.015036613    0.184389994
    0.081573501    0.184389994
    0.014908093    0.185290754
    0.080529913    0.185290754
    0.014780672    0.186195925
    0.079841614    0.186195925
    0.014654340    0.187105507
    0.079159200    0.187105507
    0.014466864    0.188019514
    0.078482620    0.188019514
    0.014343214    0.188938007
    0.077478573    0.188938007
    0.014220621    0.189861000
    0.076816358    0.189861000
    0.014099076    0.190788478
    0.076159798    0.190788478
    0.013978570    0.191720486
    0.075185470    0.191720486
    0.013799739    0.192657083
    0.074542850    0.192657083
    0.013681792    0.193598211
    0.073905729    0.193598211
    0.013564852    0.194543973
    0.073274046    0.194543973
    0.013448912    0.195494339
    0.072647765    0.195494339
    0.013276857    0.196449339
    0.071718365    0.196449339
    0.013163378    0.197409019
    0.071105383    0.197409019
    0.013050869    0.198373377
    0.070497639    0.198373377
    0.012939323    0.199342459
    0.069595747    0.199342459
    0.012828729    0.200316265
    0.069000907    0.200316265
    0.012664608    0.201294810
    0.068411149    0.201294810
    0.012556362    0.202278182
    0.067826428    0.202278182
    0.012449042    0.203266323
    0.067246713    0.203266323
    0.012342638    0.204259276
    0.066386409    0.204259276
    0.012184736    0.205257088
    0.065818995    0.205257088
    0.012080592    0.206259817
    0.065256439    0.206259817
    0.011977338    0.207267404
    0.064421594    0.207267404
    0.011874967    0.208279908
    0.063870981    0.208279908
    0.011773470    0.209297404
    0.063325070    0.209297404
    0.011622850    0.210319817
    0.062783822    0.210319817
    0.011523508    0.211347252
    0.061980616    0.211347252
    0.011425016    0.212379709
    0.061450861    0.212379709
    0.011327364    0.213417202
    0.060925633    0.213417202
    0.011230549    0.214459777
    0.060404897    0.214459777
    0.011086874    0.215507418
    0.059888609    0.215507418
    0.010992114    0.216560185
    0.059122439    0.216560185
    0.010898163    0.217618123
    0.058617115    0.217618123
    0.010805015    0.218681201
    0.058116108    0.218681201
    0.010712664    0.219749495
    0.057372618    0.219749495
    0.010575614    0.220822975
    0.056882247    0.220822975
    0.010485223    0.221901715
    0.056396071    0.221901715
    0.010395605    0.222985744
    0.055914048    0.222985744
    0.010306752    0.224075034
    0.055198725    0.224075034
    0.010218659    0.225169659
    0.054726936    0.225169659
    0.010131320    0.226269647
    0.054259181    0.226269647
    0.010001708    0.227374986
    0.053795423    0.227374986
    0.009916222    0.228485718
    0.053107206    0.228485718
    0.009831467    0.229601875
    0.052653294    0.229601875
    0.009747436    0.230723530
    0.052203260    0.230723530
    0.009664124    0.231850624
    0.051535413    0.231850624
    0.009581524    0.232983217
    0.051094934    0.232983217
    0.009499630    0.234121382
    0.050658219    0.234121382
    0.009378099    0.235265076
    0.050225239    0.235265076
    0.009297943    0.236414358
    0.049795959    0.236414358
    0.009218473    0.237569258
    0.049370348    0.237569258
    0.009139681    0.238729820
    0.048738740    0.238729820
    0.009061564    0.239896029
    0.048322167    0.239896029
    0.008984114    0.241067931
    0.047703970    0.241067931
    0.008907326    0.242245600
    0.047296241    0.242245600
    0.008831194    0.243428975
    0.046891995    0.243428975
    0.008755713    0.244618133
    0.046292096    0.244618133
    0.008643699    0.245813131
    0.045896433    0.245813131
    0.008569820    0.247013941
    0.045504149    0.247013941
    0.008496573    0.248220623
    0.045115221    0.248220623
    0.008423952    0.249433219
    0.044729616    0.249433219
    0.008351952    0.250651717
    0.044157382    0.250651717
    0.008280567    0.251876146
    0.043779965    0.251876146
    0.008209792    0.253106594
    0.043405760    0.253106594
    0.008139622    0.254343063
    0.042850461    0.254343063
    0.008070052    0.255585521
    0.042484213    0.255585521
    0.008001076    0.256834090
    0.042121097    0.256834090
    0.007932690    0.258088768
    0.041761085    0.258088768
    0.007864889    0.259349525
    0.041226827    0.259349525
    0.007764271    0.260616511
    0.040874455    0.260616511
    0.007697910    0.261889637
    0.040525097    0.261889637
    0.007632115    0.263168961
    0.040178727    0.263168961
    0.007566882    0.264454603
    0.039664712    0.264454603
    0.007502208    0.265746474
    0.039325692    0.265746474
    0.007438085    0.267044693
    0.038989570    0.267044693
    0.007374511    0.268349200
    0.038490769    0.268349200
    0.007311481    0.269660115
    0.038161796    0.269660115
    0.007248988    0.270977437
    0.037835624    0.270977437
    0.007187031    0.272301197
    0.037512239    0.272301197
    0.007125603    0.273631424
    0.037032336    0.273631424
    0.007064699    0.274968117
    0.036715817    0.274968117
    0.007004316    0.276311368
    0.036401995    0.276311368
    0.006944450    0.277661204
    0.036090862    0.277661204
    0.006885095    0.279017568
    0.035629142    0.279017568
    0.006826248    0.280380636
    0.035324618    0.280380636
    0.006767903    0.281750292
    0.035022695    0.281750292
    0.006710057    0.283126652
    0.034574643    0.283126652
    0.006652705    0.284509748
    0.034279127    0.284509748
    0.006595844    0.285899639
    0.033986140    0.285899639
    0.006539469    0.287296265
    0.033695657    0.287296265
    0.006483575    0.288699716
    0.033407658    0.288699716
    0.006428159    0.290110022
    0.032980267    0.290110022
    0.006373217    0.291527241
    0.032698382    0.291527241
    0.006318745    0.292951405
    0.032418903    0.292951405
    0.006264738    0.294382483
    0.032004163    0.294382483
    0.006211192    0.295820534
    0.031730618    0.295820534
    0.006158105    0.297265649
    0.031459413    0.297265649
    0.006105471    0.298717827
    0.031056948    0.298717827
    0.006053287    0.300177097
    0.030791501    0.300177097
    0.006001549    0.301643491
    0.030528322    0.301643491
    0.005950253    0.303117037
    0.030267393    0.303117037
    0.005899395    0.304597795
    0.030008696    0.304597795
    0.005848973    0.306085795
    0.029624788    0.306085795
    0.005798981    0.307581037
    0.029371582    0.307581037
    0.005774145    0.309083641
    0.029120540    0.309083641
    0.005724793    0.310593516
    0.028747994    0.310593516
    0.005675863    0.312110782
    0.028502282    0.312110782
    0.005627351    0.313635498
    0.028258670    0.313635498
    0.005579253    0.315167636
    0.028017141    0.315167636
    0.005531567    0.316707253
    0.027777676    0.316707253
    0.005484288    0.318254411
    0.027422309    0.318254411
    0.005437413    0.319809109
    0.027187929    0.319809109
    0.005390939    0.321371406
    0.026955551    0.321371406
    0.005344862    0.322941333
    0.026610702    0.322941333
    0.005299179    0.324518919
    0.026383258    0.324518919
    0.005276484    0.326104254
    0.026157757    0.326104254
    0.005231386    0.327697307
    0.025823116    0.327697307
    0.005186672    0.329298109
    0.025602402    0.329298109
    0.005142341    0.330906779
    0.025383577    0.330906779
    0.005098386    0.332523257
    0.025166621    0.332523257
    0.005054810    0.334147692
    0.024951519    0.334147692
    0.005011606    0.335780025
    0.024632309    0.335780025
    0.004968771    0.337420315
    0.024421774    0.337420315
    0.004926303    0.339068651
    0.024213038    0.339068651
    0.004884197    0.340725034
    0.023903277    0.340725034
    0.004863279    0.342389494
    0.023698973    0.342389494
    0.004821713    0.344062120
    0.023496415    0.344062120
    0.004780501    0.345742881
    0.023295589    0.345742881
    0.004739641    0.347431868
    0.023096479    0.347431868
    0.004699131    0.349129081
    0.022801001    0.349129081
    0.004658967    0.350834638
    0.022606118    0.350834638
    0.004619147    0.352548480
    0.022412902    0.352548480
    0.004579667    0.354270697
    0.022221336    0.354270697
    0.004560053    0.356001347
    0.021937054    0.356001347
    0.004521077    0.357740432
    0.021749556    0.357740432
    0.004482436    0.359488040
    0.021563660    0.359488040
    0.004444124    0.361244172
    0.021287791    0.361244172
    0.004406139    0.363008887
    0.021105843    0.363008887
    0.004368480    0.364782214
    0.020925444    0.364782214
    0.004331142    0.366564214
    0.020746591    0.366564214
    0.004312593    0.368354917
    0.020569269    0.368354917
    0.004275733    0.370154351
    0.020306122    0.370154351
    0.004239188    0.371962607
    0.020132562    0.371962607
    0.004202954    0.373779684
    0.019960493    0.373779684
    0.004167031    0.375605613
    0.019705134    0.375605613
    0.004149185    0.377440482
    0.019536711    0.377440482
    0.004113722    0.379284322
    0.019369729    0.379284322
    0.004078561    0.381137133
    0.019204175    0.381137133
    0.004043702    0.382999033
    0.019040035    0.382999033
    0.004009140    0.384870023
    0.018796451    0.384870023
    0.003974873    0.386750132
    0.018635796    0.386750132
    0.003957850    0.388639450
    0.018476509    0.388639450
    0.003924021    0.390538007
    0.018318588    0.390538007
    0.003890483    0.392445832
    0.018084235    0.392445832
    0.003857230    0.394362926
    0.017929668    0.394362926
    0.003840711    0.396289438
    0.017776420    0.396289438
    0.003807884    0.398225367
    0.017549003    0.398225367
    0.003775338    0.400170714
    0.017399009    0.400170714
    0.003743069    0.402125597
    0.017250299    0.402125597
    0.003711077    0.404089987
    0.017102858    0.404089987
    0.003679358    0.406064004
    0.016956680    0.406064004
    0.003663600    0.408047676
    0.016739748    0.408047676
    0.003632287    0.410041004
    0.016596671    0.410041004
    0.003601242    0.412044108
    0.016454818    0.412044108
    0.003570462    0.414056957
    0.016244309    0.414056957
    0.003555170    0.416079670
    0.016105467    0.416079670
    0.003524784    0.418112278
    0.015967812    0.418112278
    0.003494657    0.420154810
    0.015831333    0.420154810
    0.003464788    0.422207266
    0.015628800    0.422207266
    0.003449949    0.424269795
    0.015495218    0.424269795
    0.003420462    0.426342398
    0.015362780    0.426342398
    0.003391227    0.428425133
    0.015231472    0.428425133
    0.003362242    0.430518061
    0.015036613    0.430518061
    0.003347842    0.432621151
    0.014908093    0.432621151
    0.003319228    0.434734553
    0.014780672    0.434734553
    0.003290858    0.436858267
    0.014591580    0.436858267
    0.003276764    0.438992381
    0.014466864    0.438992381
    0.003248758    0.441136867
    0.014343214    0.441136867
    0.003220990    0.443291873
    0.014220621    0.443291873
    0.003193460    0.445457369
    0.014099076    0.445457369
    0.003179783    0.447633475
    0.013918703    0.447633475
    0.003152605    0.449820220
    0.013799739    0.449820220
    0.003125660    0.452017605
    0.013681792    0.452017605
    0.003112274    0.454225779
    0.013506757    0.454225779
    0.003085673    0.456444681
    0.013391314    0.456444681
    0.003059299    0.458674461
    0.013276857    0.458674461
    0.003046197    0.460915148
    0.013107003    0.460915148
    0.003020161    0.463166744
    0.012994977    0.463166744
    0.002994347    0.465429366
    0.012883907    0.465429366
    0.002981523    0.467703044
    0.012773787    0.467703044
    0.002956040    0.469987810
    0.012664608    0.469987810
    0.002930774    0.472283721
    0.012502587    0.472283721
    0.002918222    0.474590868
    0.012395727    0.474590868
    0.002893280    0.476909310
    0.012237145    0.476909310
    0.002868551    0.479239047
    0.012132552    0.479239047
    0.002856266    0.481580168
    0.012028854    0.481580168
    0.002831853    0.483932734
    0.011874967    0.483932734
    0.002819725    0.486296773
    0.011773470    0.486296773
    0.002795625    0.488672346
    0.011672841    0.488672346
    0.002771730    0.491059572
    0.011573073    0.491059572
    0.002759859    0.493458450
    0.011474156    0.493458450
    0.002736271    0.495869011
    0.011327364    0.495869011
    0.002724552    0.498291373
    0.011230549    0.498291373
    0.002701265    0.500725567
    0.011086874    0.500725567
    0.002689696    0.503171682
    0.010992114    0.503171682
    0.002666707    0.505629718
    0.010898163    0.505629718
    0.002655286    0.508099735
    0.010758740    0.508099735
    0.002632591    0.510581851
    0.010666784    0.510581851
    0.002621317    0.513076067
    0.010575614    0.513076067
    0.002598912    0.515582502
    0.010440318    0.515582502
    0.002576699    0.518101215
    0.010351083    0.518101215
    0.002565664    0.520632207
    0.010262611    0.520632207
    0.002554676    0.523175538
    0.010131320    0.523175538
    0.002532840    0.525731266
    0.010044727    0.525731266
    0.002521993    0.528299510
    0.009916222    0.528299510
    0.002500437    0.530880332
    0.009831467    0.530880332
    0.002489729    0.533473730
    0.009747436    0.533473730
    0.002468449    0.536079764
    0.009622735    0.536079764
    0.002457877    0.538698554
    0.009540489    0.538698554
    0.002436869    0.541330159
    0.009458945    0.541330159
    0.002426433    0.543974578
    0.009378099    0.543974578
    0.002416041    0.546631992
    0.009258123    0.546631992
    0.002395391    0.549302280
    0.009178992    0.549302280
    0.002385132    0.551985681
    0.009061564    0.551985681
    0.002374917    0.554682195
    0.008984114    0.554682195
    0.002354619    0.557391882
    0.008869178    0.557391882
    0.002344534    0.560114801
    0.008793372    0.560114801
    0.002324495    0.562851012
    0.008680876    0.562851012
    0.002314540    0.565600574
    0.008606681    0.565600574
    0.002304628    0.568363607
    0.008533118    0.568363607
    0.002284930    0.571140110
    0.008460185    0.571140110
    0.002275144    0.573930144
    0.008351952    0.573930144
    0.002265400    0.576733887
    0.008245103    0.576733887
    0.002255698    0.579551280
    0.008174632    0.579551280
    0.002236419    0.582382441
    0.008070052    0.582382441
    0.002226841    0.585227430
    0.008001076    0.585227430
    0.002217304    0.588086307
    0.007898717    0.588086307
    0.002207808    0.590959132
    0.007831206    0.590959132
    0.002188937    0.593846083
    0.007764271    0.593846083
    0.002179563    0.596747041
    0.007664942    0.596747041
    0.002170228    0.599662185
    0.007599429    0.599662185
    0.002160934    0.602591574
    0.007534476    0.602591574
    0.002142464    0.605535328
    0.007438085    0.605535328
    0.002133288    0.608493388
    0.007342928    0.608493388
    0.002124152    0.611465931
    0.007280168    0.611465931
    0.002115055    0.614453018
    0.007187031    0.614453018
    0.002105997    0.617454648
    0.007125603    0.617454648
    0.002096978    0.620471001
    0.007034443    0.620471001
    0.002087997    0.623502076
    0.006974319    0.623502076
    0.002070150    0.626547933
    0.006885095    0.626547933
    0.002061284    0.629608631
    0.006826248    0.629608631
    0.002052457    0.632684350
    0.006738918    0.632684350
    0.002043667    0.635775089
    0.006681319    0.635775089
    0.002034914    0.638880908
    0.006595844    0.638880908
    0.002026199    0.642001867
    0.006511462    0.642001867
    0.002017521    0.645138144
    0.006455808    0.645138144
    0.002008881    0.648289680
    0.006373217    0.648289680
    0.002000277    0.651456654
    0.006318745    0.651456654
    0.001991711    0.654639065
    0.006237908    0.654639065
    0.001983181    0.657837033
    0.006184591    0.657837033
    0.001974687    0.661050618
    0.006105471    0.661050618
    0.001974687    0.664279938
    0.006053287    0.664279938
    0.001966230    0.667524993
    0.005975846    0.667524993
    0.001957810    0.670785904
    0.005899395    0.670785904
    0.001949425    0.674062788
    0.005823923    0.674062788
    0.001941076    0.677355647
    0.005774145    0.677355647
    0.001932763    0.680664539
    0.005700276    0.680664539
    0.001932763    0.683989704
    0.005627351    0.683989704
    0.001924485    0.687331021
    0.005579253    0.687331021
    0.001916243    0.690688670
    0.005507877    0.690688670
    0.001908037    0.694062769
    0.005460800    0.694062769
    0.001899865    0.697453320
    0.005390939    0.697453320
    0.001899865    0.700860441
    0.005321972    0.700860441
    0.001891728    0.704284191
    0.005253886    0.704284191
    0.001883627    0.707724690
    0.005186672    0.707724690
    0.001883627    0.711181998
    0.005120318    0.711181998
    0.001875560    0.714656174
    0.005076551    0.714656174
    0.001875560    0.718147337
    0.005011606    0.718147337
    0.001867527    0.721655548
    0.004947491    0.721655548
    0.001859529    0.725180924
    0.004905205    0.725180924
    0.001851565    0.728723526
    0.004842451    0.728723526
    0.001851565    0.732283354
    0.004780501    0.732283354
    0.001851565    0.735860646
    0.004719343    0.735860646
    0.001843636    0.739455402
    0.004658967    0.739455402
    0.001843636    0.743067741
    0.004599364    0.743067741
    0.001835740    0.746697664
    0.004540524    0.746697664
    0.001835740    0.750345349
    0.004482436    0.750345349
    0.001835740    0.754010856
    0.004425091    0.754010856
    0.001827878    0.757694244
    0.004387269    0.757694244
    0.001827878    0.761395633
    0.004331142    0.761395633
    0.001820049    0.765115142
    0.004275733    0.765115142
    0.001820049    0.768852770
    0.004221032    0.768852770
    0.001820049    0.772608697
    0.004167031    0.772608697
    0.001820049    0.776382923
    0.004113722    0.776382923
    0.001820049    0.780175626
    0.004043702    0.780175626
    0.001820049    0.783986866
    0.003991970    0.783986866
    0.001820049    0.787816703
    0.003940899    0.787816703
    0.001812255    0.791665256
    0.003890483    0.791665256
    0.001812255    0.795532644
    0.003840711    0.795532644
    0.001812255    0.799418867
    0.003791576    0.799418867
    0.001812255    0.803324103
    0.003743069    0.803324103
    0.001820049    0.807248414
    0.003679358    0.807248414
    0.001820049    0.811191916
    0.003616731    0.811191916
    0.001820049    0.815154612
    0.003570462    0.815154612
    0.001827878    0.819136739
    0.003509688    0.819136739
    0.001827878    0.823138297
    0.003464788    0.823138297
    0.001835740    0.827159405
    0.003405813    0.827159405
    0.001835740    0.831200182
    0.003347842    0.831200182
    0.001843636    0.835260630
    0.003305013    0.835260630
    0.001843636    0.839340985
    0.003248758    0.839340985
    0.001851565    0.843441188
    0.003193460    0.843441188
    0.001859529    0.847561538
    0.003139104    0.847561538
    0.001867527    0.851701915
    0.003085673    0.851701915
    0.001875560    0.855862558
    0.003033151    0.855862558
    0.001883627    0.860043526
    0.002968754    0.860043526
    0.001899865    0.864244938
    0.002918222    0.864244938
    0.001908037    0.868466854
    0.002856266    0.868466854
    0.001924485    0.872709394
    0.002795625    0.872709394
    0.001941076    0.876972675
    0.002736271    0.876972675
    0.001957810    0.881256759
    0.002678177    0.881256759
    0.001983181    0.885561764
    0.002610090    0.885561764
    0.002017521    0.889887810
    0.002521993    0.889887810
    0.002070150    0.894234955
    0.002436869    0.894234955
    0.002236419    0.898603380
    0.002255698    0.898603380
    0.001324800    2.324162245
    0.001607047    2.324162245
    0.001274603    2.335516214
    0.001684736    2.335516214
    0.001236879    2.346925259
    0.001751086    2.346925259
    0.001215826    2.358390331
    0.001804493    2.358390331
    0.001200271    2.369911194
    0.001859529    2.369911194
    0.001179841    2.381488562
    0.001908037    2.381488562
    0.001164747    2.393122196
    0.001957810    2.393122196
    0.001149846    2.404812813
    0.002008881    2.404812813
    0.001140019    2.416560650
    0.002052457    2.416560650
    0.001125434    2.428365707
    0.002096978    2.428365707
    0.001115815    2.440228462
    0.002151679    2.440228462
    0.001106278    2.452149153
    0.002198352    2.452149153
    0.001096822    2.464128256
    0.002246038    2.464128256
    0.001087448    2.476165771
    0.002284930    2.476165771
    0.001082791    2.488262177
    0.002324495    2.488262177
    0.001078153    2.500417471
    0.002364746    2.500417471
    0.001073536    2.512632370
    0.002405694    2.512632370
    0.001068938    2.524906635
    0.002447351    2.524906635
    0.001064360    2.537241220
    0.002489729    2.537241220
    0.001055263    2.549635649
    0.002521993    2.549635649
    0.001050744    2.562090874
    0.002565664    2.562090874
    0.001046244    2.574606895
    0.002610090    2.574606895
    0.001041763    2.587184191
    0.002655286    2.587184191
    0.001041763    2.599822760
    0.002678177    2.599822760
    0.001041763    2.612523079
    0.002712884    2.612523079
    0.001037301    2.625285625
    0.002748040    2.625285625
    0.001037301    2.638110161
    0.002771730    2.638110161
    0.001037301    2.650997639
    0.002807649    2.650997639
    0.001037301    2.663948059
    0.002844033    2.663948059
    0.001032859    2.676961660
    0.002868551    2.676961660
    0.001032859    2.690038919
    0.002905725    2.690038919
    0.001032859    2.703179836
    0.002943380    2.703179836
    0.001032859    2.716385126
    0.002968754    2.716385126
    0.001032859    2.729655027
    0.002994347    2.729655027
    0.001032859    2.742989540
    0.003020161    2.742989540
    0.001032859    2.756389141
    0.003046197    2.756389141
    0.001037301    2.769854307
    0.003059299    2.769854307
    0.001037301    2.783385277
    0.003085673    2.783385277
    0.001037301    2.796982527
    0.003112274    2.796982527
    0.001037301    2.810645819
    0.003139104    2.810645819
    0.001041763    2.824376345
    0.003152605    2.824376345
    0.001041763    2.838173389
    0.003179783    2.838173389
    0.001041763    2.852038145
    0.003207196    2.852038145
    0.001046244    2.865970850
    0.003220990    2.865970850
    0.001046244    2.879971266
    0.003234844    2.879971266
    0.001050744    2.894040108
    0.003248758    2.894040108
    0.001055263    2.908177614
    0.003262731    2.908177614
    0.001055263    2.922384501
    0.003276764    2.922384501
    0.001059802    2.936660528
    0.003290858    2.936660528
    0.001064360    2.951006413
    0.003305013    2.951006413
    0.001064360    2.965422392
    0.003319228    2.965422392
    0.001068938    2.979908705
    0.003333505    2.979908705
    0.001073536    2.994465828
    0.003347842    2.994465828
    0.001078153    3.009094238
    0.003362242    3.009094238
    0.001082791    3.023793936
    0.003362242    3.023793936
    0.001087448    3.038565397
    0.003376703    3.038565397
    0.001092125    3.053409100
    0.003376703    3.053409100
    0.001096822    3.068325281
    0.003391227    3.068325281
    0.001101540    3.083314419
    0.003405813    3.083314419
    0.001106278    3.098376751
    0.003405813    3.098376751
    0.001111036    3.113512516
    0.003420462    3.113512516
    0.001115815    3.128722429
    0.003435174    3.128722429
    0.001120614    3.144006491
    0.003449949    3.144006491
    0.001125434    3.159365416
    0.003449949    3.159365416
    0.001130275    3.174799204
    0.003464788    3.174799204
    0.001135136    3.190308094
    0.003464788    3.190308094
    0.001140019    3.205893517
    0.003479691    3.205893517
    0.001144922    3.221554279
    0.003494657    3.221554279
    0.001149846    3.237291813
    0.003494657    3.237291813
    0.001159759    3.253106117
    0.003509688    3.253106117
    0.001164747    3.268998146
    0.003509688    3.268998146
    0.001169757    3.284967184
    0.003524784    3.284967184
    0.001174788    3.301014423
    0.003539945    3.301014423
    0.001179841    3.317140102
    0.003539945    3.317140102
    0.001184916    3.333344460
    0.003555170    3.333344460
    0.001190012    3.349628448
    0.003570462    3.349628448
    0.001195131    3.365991592
    0.003585819    3.365991592
    0.001200271    3.382434607
    0.003585819    3.382434607
    0.001210619    3.398957968
    0.003601242    3.398957968
    0.001215826    3.415562391
    0.003616731    3.415562391
    0.001221055    3.432247639
    0.003632287    3.432247639
    0.001226307    3.449014664
    0.003647910    3.449014664
    0.001231582    3.465863228
    0.003663600    3.465863228
    0.001236879    3.482794285
    0.003663600    3.482794285
    0.001242199    3.499808311
    0.003679358    3.499808311
    0.001247542    3.516905069
    0.003695183    3.516905069
    0.001252907    3.534085751
    0.003711077    3.534085751
    0.001258296    3.551349878
    0.003727039    3.551349878
    0.001263708    3.568698406
    0.003743069    3.568698406
    0.001269144    3.586132050
    0.003759169    3.586132050
    0.001274603    3.603650570
    0.003775338    3.603650570
    0.001280085    3.621254921
    0.003791576    3.621254921
    0.001285591    3.638945103
    0.003807884    3.638945103
    0.001291120    3.656721354
    0.003807884    3.656721354
    0.001296674    3.674585104
    0.003824262    3.674585104
    0.001302251    3.692535639
    0.003824262    3.692535639
    0.001307852    3.710574389
    0.003840711    3.710574389
    0.001319127    3.728700638
    0.003840711    3.728700638
    0.001324800    3.746915579
    0.003857230    3.746915579
    0.001330498    3.765219927
    0.003873821    3.765219927
    0.001336221    3.783613205
    0.003873821    3.783613205
    0.001341968    3.802096367
    0.003890483    3.802096367
    0.001347740    3.820669651
    0.003890483    3.820669651
    0.001359359    3.839334249
    0.003890483    3.839334249
    0.001365206    3.858089685
    0.003890483    3.858089685
    0.001371078    3.876936674
    0.003873821    3.876936674
    0.001382897    3.895876169
    0.003873821    3.895876169
    0.001388845    3.914907694
    0.003857230    3.914907694
    0.001400818    3.934032202
    0.003840711    3.934032202
    0.001406844    3.953250647
    0.003840711    3.953250647
    0.001418972    3.972562313
    0.003824262    3.972562313
    0.001431204    3.991968632
    0.003824262    3.991968632
    0.001437360    4.011469841
    0.003807884    4.011469841
    0.001449751    4.031066418
    0.003775338    4.031066418
    0.001468539    4.050758362
    0.003743069    4.050758362
    0.001481199    4.070546150
    0.003711077    4.070546150
    0.001500393    4.090431690
    0.003679358    4.090431690
    0.001513328    4.110413551
    0.003632287    4.110413551
    0.001526374    4.130493164
    0.003601242    4.130493164
    0.001546154    4.150671482
    0.003555170    4.150671482
    0.001566191    4.170947552
    0.003524784    4.170947552
    0.001586487    4.191322803
    0.003479691    4.191322803
    0.001600164    4.211797714
    0.003435174    4.211797714
    0.001627872    4.232372761
    0.003376703    4.232372761
    0.001663183    4.253048420
    0.003305013    4.253048420
    0.001691983    4.273824692
    0.003234844    4.273824692
    0.001728684    4.294703007
    0.003166165    4.294703007
    0.001766182    4.315682888
    0.003098944    4.315682888
    0.001812255    4.336765289
    0.003020161    4.336765289
    0.001859529    4.357951164
    0.002930774    4.357951164
    0.001916243    4.379240036
    0.002831853    4.379240036
    0.001983181    4.400632381
    0.002724552    4.400632381
    0.002096978    4.422130585
    0.002587782    4.422130585
    0.001706569    7.935966015
    0.002000277    7.935966015
    0.001579693    7.974734306
    0.002160934    7.974734306
    0.001506847    8.013690948
    0.002284930    8.013690948
    0.001455987    8.052838326
    0.002405694    8.052838326
    0.001406844    8.092178345
    0.002500437    8.092178345
    0.001371078    8.131709099
    0.002598912    8.131709099
    0.001336221    8.171432495
    0.002689696    8.171432495
    0.001307852    8.211351395
    0.002771730    8.211351395
    0.001285591    8.251463890
    0.002856266    8.251463890
    0.001258296    8.291772842
    0.002943380    8.291772842
    0.001236879    8.332280159
    0.003020161    8.332280159
    0.001221055    8.372982979
    0.003098944    8.372982979
    0.001210619    8.413886070
    0.003166165    8.413886070
    0.001195131    8.454988480
    0.003234844    8.454988480
    0.001184916    8.496292114
    0.003290858    8.496292114
    0.001169757    8.537796974
    0.003362242    8.537796974
    0.001159759    8.579504013
    0.003435174    8.579504013
    0.001149846    8.621417046
    0.003494657    8.621417046
    0.001140019    8.663533211
    0.003555170    8.663533211
    0.001130275    8.705855370
    0.003632287    8.705855370
    0.001120614    8.748384476
    0.003695183    8.748384476
    0.001125434    8.791120529
    0.003727039    8.791120529
    0.001125434    8.834066391
    0.003759169    8.834066391
    0.001130275    8.877221107
    0.003791576    8.877221107
    0.001130275    8.920588493
    0.003824262    8.920588493
    0.001135136    8.964165688
    0.003857230    8.964165688
    0.001140019    9.007956505
    0.003890483    9.007956505
    0.001140019    9.051961899
    0.003924021    9.051961899
    0.001144922    9.096180916
    0.003957850    9.096180916
    0.001144922    9.140616417
    0.003974873    9.140616417
    0.001149846    9.185268402
    0.004009140    9.185268402
    0.001164747    9.230139732
    0.004009140    9.230139732
    0.001179841    9.275229454
    0.004009140    9.275229454
    0.001200271    9.320539474
    0.004009140    9.320539474
    0.001215826    9.366071701
    0.004009140    9.366071701
    0.001231582    9.411826134
    0.004009140    9.411826134
    0.001252907    9.457802773
    0.003991970    9.457802773
    0.001269144    9.504006386
    0.003991970    9.504006386
    0.001291120    9.550433159
    0.003991970    9.550433159
    0.001307852    9.597087860
    0.003991970    9.597087860
    0.001330498    9.643971443
    0.003991970    9.643971443
    0.001353537    9.691082954
    0.003957850    9.691082954
    0.001382897    9.738424301
    0.003924021    9.738424301
    0.001412895    9.785996437
    0.003890483    9.785996437
    0.001443542    9.833803177
    0.003857230    9.833803177
    0.001474855    9.881841660
    0.003824262    9.881841660
    0.001513328    9.930114746
    0.003791576    9.930114746
    0.001546154    9.978625298
    0.003759169    9.978625298
    0.001586487   10.027371407
    0.003711077   10.027371407
    0.001627872   10.076356888
    0.003679358   10.076356888
    0.001670337   10.125581741
    0.003632287   10.125581741
    0.001699260   10.175044060
    0.003601242   10.175044060
    0.001736120   10.224750519
    0.003555170   10.224750519
    0.001773779   10.274700165
    0.003524784   10.274700165
    0.001804493   10.324891090
    0.003479691   10.324891090
    0.001851565   10.375330925
    0.003449949   10.375330925
    0.001891728   10.426015854
    0.003405813   10.426015854
    0.001932763   10.476945877
    0.003347842   10.476945877
    0.001983181   10.528127670
    0.003305013   10.528127670
    0.002043667   10.579556465
    0.003248758   10.579556465
    0.002105997   10.631239891
    0.003179783   10.631239891
    0.002105997   10.683175087
    0.003207196   10.683175087
    0.002105997   10.735361099
    0.003234844   10.735361099
    0.002096978   10.787805557
    0.003262731   10.787805557
    0.002096978   10.840502739
    0.003290858   10.840502739
    0.002087997   10.893461227
    0.003333505   10.893461227
    0.002079054   10.946677208
    0.003362242   10.946677208
    0.002079054   11.000150681
    0.003391227   11.000150681
    0.002070150   11.053888321
    0.003420462   11.053888321
    0.002070150   11.107889175
    0.003449949   11.107889175
    0.002061284   11.162149429
    0.003479691   11.162149429
    0.002026199   11.216678619
    0.003539945   11.216678619
    0.001983181   11.271474838
    0.003601242   11.271474838
    0.001949425   11.326538086
    0.003663600   11.326538086
    0.001916243   11.381866455
    0.003711077   11.381866455
    0.001883627   11.437469482
    0.003759169   11.437469482
    0.001859529   11.493343353
    0.003807884   11.493343353
    0.001827878   11.549487114
    0.003857230   11.549487114
    0.001796765   11.605908394
    0.003907216   11.605908394
    0.001773779   11.662605286
    0.003957850   11.662605286
    0.001743587   11.719579697
    0.004009140   11.719579697
    0.001736120   11.776828766
    0.003974873   11.776828766
    0.001728684   11.834360123
    0.003940899   11.834360123
    0.001721281   11.892173767
    0.003907216   11.892173767
    0.001713909   11.950265884
    0.003873821   11.950265884
    0.001699260   12.008645058
    0.003824262   12.008645058
    0.001691983   12.067309380
    0.003791576   12.067309380
    0.001684736   12.126256943
    0.003759169   12.126256943
    0.001670337   12.185495377
    0.003727039   12.185495377
    0.001663183   12.245023727
    0.003695183   12.245023727
    0.001656060   12.304840088
    0.003663600   12.304840088
    0.001641906   12.364951134
    0.003616731   12.364951134
    0.001627872   12.425355911
    0.003570462   12.425355911
    0.001613959   12.486056328
    0.003539945   12.486056328
    0.001600164   12.547049522
    0.003494657   12.547049522
    0.001586487   12.608344078
    0.003464788   12.608344078
    0.001572927   12.669938087
    0.003420462   12.669938087
    0.001559483   12.731829643
    0.003391227   12.731829643
    0.001539533   12.794027328
    0.003347842   12.794027328
    0.001526374   12.856524467
    0.003319228   12.856524467
    0.001513328   12.919331551
    0.003290858   12.919331551
    0.001493968   12.982444763
    0.003305013   12.982444763
    0.001474855   13.045862198
    0.003333505   13.045862198
    0.001462249   13.109593391
    0.003362242   13.109593391
    0.001443542   13.173632622
    0.003376703   13.173632622
    0.001431204   13.237988472
    0.003405813   13.237988472
    0.001412895   13.302658081
    0.003420462   13.302658081
    0.001400818   13.367640495
    0.003449949   13.367640495
    0.001388845   13.432944298
    0.003464788   13.432944298
    0.001371078   13.498566628
    0.003494657   13.498566628
    0.001359359   13.564509392
    0.003509688   13.564509392
    0.001353537   13.630770683
    0.003555170   13.630770683
    0.001347740   13.697359085
    0.003601242   13.697359085
    0.001341968   13.764273643
    0.003663600   13.764273643
    0.001336221   13.831510544
    0.003711077   13.831510544
    0.001330498   13.899080276
    0.003759169   13.899080276
    0.001324800   13.966979980
    0.003807884   13.966979980
    0.001319127   14.035206795
    0.003857230   14.035206795
    0.001313477   14.103771210
    0.003907216   14.103771210
    0.001307852   14.172671318
    0.003957850   14.172671318
    0.001302251   14.241903305
    0.004009140   14.241903305
    0.001302251   14.311477661
    0.004061094   14.311477661
    0.001302251   14.381391525
    0.004113722   14.381391525
    0.001302251   14.451647758
    0.004167031   14.451647758
    0.001302251   14.522242546
    0.004221032   14.522242546
    0.001302251   14.593186378
    0.004275733   14.593186378
    0.001302251   14.664476395
    0.004331142   14.664476395
    0.001302251   14.736110687
    0.004387269   14.736110687
    0.001302251   14.808099747
    0.004444124   14.808099747
    0.001302251   14.880439758
    0.004482436   14.880439758
    0.001302251   14.953133583
    0.004540524   14.953133583
    0.001307852   15.026178360
    0.004540524   15.026178360
    0.001319127   15.099583626
    0.004540524   15.099583626
    0.001324800   15.173347473
    0.004540524   15.173347473
    0.001330498   15.247467995
    0.004521077   15.247467995
    0.001341968   15.321954727
    0.004521077   15.321954727
    0.001347740   15.396805763
    0.004521077   15.396805763
    0.001359359   15.472017288
    0.004521077   15.472017288
    0.001365206   15.547600746
    0.004521077   15.547600746
    0.001376975   15.623549461
    0.004501715   15.623549461
    0.001382897   15.699872971
    0.004501715   15.699872971
    0.001394819   15.776570320
    0.004463239   15.776570320
    0.001406844   15.853636742
    0.004406139   15.853636742
    0.001418972   15.931084633
    0.004349770   15.931084633
    0.001431204   16.008907318
    0.004294123   16.008907318
    0.001449751   16.087112427
    0.004239188   16.087112427
    0.001462249   16.165700912
    0.004184955   16.165700912
    0.001474855   16.244668961
    0.004131415   16.244668961
    0.001493968   16.324028015
    0.004078561   16.324028015
    0.001506847   16.403774261
    0.004026384   16.403774261
    0.001526374   16.483903885
    0.003974873   16.483903885
    0.001526374   16.564432144
    0.003957850   16.564432144
    0.001532939   16.645351410
    0.003940899   16.645351410
    0.001532939   16.726667404
    0.003924021   16.726667404
    0.001539533   16.808374405
    0.003907216   16.808374405
    0.001539533   16.890487671
    0.003873821   16.890487671
    0.001546154   16.972999573
    0.003857230   16.972999573
    0.001546154   17.055912018
    0.003840711   17.055912018
    0.001552805   17.139232635
    0.003824262   17.139232635
    0.001552805   17.222955704
    0.003807884   17.222955704
    0.001559483   17.307094574
    0.003791576   17.307094574
    0.001546154   17.391641617
    0.003840711   17.391641617
    0.001526374   17.476598740
    0.003873821   17.476598740
    0.001513328   17.561975479
    0.003924021   17.561975479
    0.001500393   17.647764206
    0.003957850   17.647764206
    0.001481199   17.733976364
    0.004009140   17.733976364
    0.001468539   17.820610046
    0.004061094   17.820610046
    0.001455987   17.907661438
    0.004096104   17.907661438
    0.001443542   17.995143890
    0.004149185   17.995143890
    0.001431204   18.083053589
    0.004184955   18.083053589
    0.001412895   18.171392441
    0.004239188   18.171392441
    0.001406844   18.260158539
    0.004275733   18.260158539
    0.001400818   18.349361420
    0.004312593   18.349361420
    0.001394819   18.439002991
    0.004349770   18.439002991
    0.001388845   18.529075623
    0.004387269   18.529075623
    0.001382897   18.619592667
    0.004425091   18.619592667
    0.001371078   18.710552216
    0.004463239   18.710552216
    0.001365206   18.801952362
    0.004501715   18.801952362
    0.001359359   18.893802643
    0.004540524   18.893802643
    0.001353537   18.986103058
    0.004579667   18.986103058
    0.001347740   19.078847885
    0.004639014   19.078847885
    0.001347740   19.172052383
    0.004619147   19.172052383
    0.001347740   19.265710831
    0.004619147   19.265710831
    0.001347740   19.359827042
    0.004599364   19.359827042
    0.001347740   19.454397202
    0.004599364   19.454397202
    0.001347740   19.549436569
    0.004579667   19.549436569
    0.001347740   19.644939423
    0.004560053   19.644939423
    0.001347740   19.740901947
    0.004560053   19.740901947
    0.001353537   19.837339401
    0.004540524   19.837339401
    0.001353537   19.934244156
    0.004540524   19.934244156
    0.001353537   20.031625748
    0.004521077   20.031625748
    0.001353537   20.129484177
    0.004521077   20.129484177
    0.001353537   20.227815628
    0.004521077   20.227815628
    0.001353537   20.326631546
    0.004521077   20.326631546
    0.001353537   20.425924301
    0.004521077   20.425924301
    0.001353537   20.525709152
    0.004521077   20.525709152
    0.001353537   20.625982285
    0.004521077   20.625982285
    0.001353537   20.726737976
    0.004521077   20.726737976
    0.001353537   20.827991486
    0.004521077   20.827991486
    0.001353537   20.929738998
    0.004540524   20.929738998
    0.001359359   21.031984329
    0.004540524   21.031984329
    0.001359359   21.134723663
    0.004521077   21.134723663
    0.001359359   21.237972260
    0.004521077   21.237972260
    0.001365206   21.341722488
    0.004521077   21.341722488
    0.001365206   21.445974350
    0.004501715   21.445974350
    0.001371078   21.550743103
    0.004501715   21.550743103
    0.001371078   21.656021118
    0.004501715   21.656021118
    0.001376975   21.761810303
    0.004482436   21.761810303
    0.001376975   21.868120193
    0.004482436   21.868120193
    0.001382897   21.974948883
    0.004482436   21.974948883
    0.001382897   22.082294464
    0.004482436   22.082294464
    0.001388845   22.190170288
    0.004444124   22.190170288
    0.001394819   22.298574448
    0.004425091   22.298574448
    0.001406844   22.407506943
    0.004406139   22.407506943
    0.001412895   22.516965866
    0.004387269   22.516965866
    0.001425075   22.626964569
    0.004368480   22.626964569
    0.001431204   22.737501144
    0.004349770   22.737501144
    0.001437360   22.848571777
    0.004312593   22.848571777
    0.001449751   22.960191727
    0.004294123   22.960191727
    0.001455987   23.072349548
    0.004275733   23.072349548
    0.001462249   23.185062408
    0.004257421   23.185062408
    0.001462249   23.298326492
    0.004275733   23.298326492
    0.001462249   23.412136078
    0.004294123   23.412136078
    0.001462249   23.526508331
    0.004312593   23.526508331
    0.001455987   23.641433716
    0.004331142   23.641433716
    0.001455987   23.756925583
    0.004349770   23.756925583
    0.001455987   23.872982025
    0.004368480   23.872982025
    0.001449751   23.989599228
    0.004387269   23.989599228
    0.001449751   24.106792450
    0.004406139   24.106792450
    0.001449751   24.224559784
    0.004444124   24.224559784
    0.001443542   24.342901230
    0.004463239   24.342901230
    0.001443542   24.461812973
    0.004444124   24.461812973
    0.001443542   24.581314087
    0.004425091   24.581314087
    0.001437360   24.701398849
    0.004387269   24.701398849
    0.001437360   24.822061539
    0.004368480   24.822061539
    0.001437360   24.943323135
    0.004349770   24.943323135
    0.001431204   25.065174103
    0.004331142   25.065174103
    0.001431204   25.187616348
    0.004312593   25.187616348
    0.001431204   25.310661316
    0.004294123   25.310661316
    0.001425075   25.434309006
    0.004275733   25.434309006
    0.001425075   25.558553696
    0.004257421   25.558553696
    0.001418972   25.683410645
    0.004294123   25.683410645
    0.001406844   25.808879852
    0.004331142   25.808879852
    0.001400818   25.934961319
    0.004368480   25.934961319
    0.001394819   26.061651230
    0.004425091   26.061651230
    0.001388845   26.188966751
    0.004463239   26.188966751
    0.001382897   26.316904068
    0.004501715   26.316904068
    0.001371078   26.445459366
    0.004540524   26.445459366
    0.001365206   26.574649811
    0.004599364   26.574649811
    0.001359359   26.704473495
    0.004639014   26.704473495
    0.001353537   26.834928513
    0.004679006   26.834928513
    0.001353537   26.966014862
    0.004679006   26.966014862
    0.001359359   27.097747803
    0.004639014   27.097747803
    0.001365206   27.230125427
    0.004619147   27.230125427
    0.001371078   27.363142014
    0.004599364   27.363142014
    0.001376975   27.496816635
    0.004579667   27.496816635
    0.001382897   27.631143570
    0.004560053   27.631143570
    0.001382897   27.766119003
    0.004521077   27.766119003
    0.001388845   27.901762009
    0.004501715   27.901762009
    0.001394819   28.038059235
    0.004482436   28.038059235
    0.001400818   28.175029755
    0.004463239   28.175029755
    0.001400818   28.312669754
    0.004444124   28.312669754
    0.001406844   28.450975418
    0.004444124   28.450975418
    0.001406844   28.589963913
    0.004444124   28.589963913
    0.001406844   28.729621887
    0.004444124   28.729621887
    0.001406844   28.869972229
    0.004444124   28.869972229
    0.001412895   29.011007309
    0.004444124   29.011007309
    0.001412895   29.152723312
    0.004444124   29.152723312
    0.001412895   29.295139313
    0.004444124   29.295139313
    0.001412895   29.438251495
    0.004444124   29.438251495
    0.001418972   29.582054138
    0.004444124   29.582054138
    0.001418972   29.726568222
    0.004463239   29.726568222
    0.001418972   29.871788025
    0.004463239   29.871788025
    0.001418972   30.017717361
    0.004482436   30.017717361
    0.001418972   30.164350510
    0.004501715   30.164350510
    0.001425075   30.311708450
    0.004521077   30.311708450
    0.001425075   30.459787369
    0.004540524   30.459787369
    0.001425075   30.608579636
    0.004560053   30.608579636
    0.001425075   30.758108139
    0.004579667   30.758108139
    0.001425075   30.908367157
    0.004579667   30.908367157
    0.001425075   31.059360504
    0.004599364   31.059360504
    0.001425075   31.211082458
    0.004579667   31.211082458
    0.001425075   31.363554001
    0.004540524   31.363554001
    0.001425075   31.516771317
    0.004501715   31.516771317
    0.001431204   31.670726776
    0.004463239   31.670726776
    0.001431204   31.825445175
    0.004425091   31.825445175
    0.001431204   31.980916977
    0.004406139   31.980916977
    0.001431204   32.137142181
    0.004368480   32.137142181
    0.001431204   32.294136047
    0.004331142   32.294136047
    0.001431204   32.451889038
    0.004294123   32.451889038
    0.001431204   32.610424042
    0.004257421   32.610424042
    0.001425075   32.769733429
    0.004294123   32.769733429
    0.001425075   32.929809570
    0.004331142   32.929809570
    0.001418972   33.090675354
    0.004368480   33.090675354
    0.001418972   33.252323151
    0.004406139   33.252323151
    0.001412895   33.414764404
    0.004463239   33.414764404
    0.001406844   33.578002930
    0.004501715   33.578002930
    0.001406844   33.742027283
    0.004540524   33.742027283
    0.001400818   33.906864166
    0.004579667   33.906864166
    0.001400818   34.072505951
    0.004619147   34.072505951
    0.001394819   34.238945007
    0.004658967   34.238945007
    0.001394819   34.406208038
    0.004639014   34.406208038
    0.001388845   34.574291229
    0.004619147   34.574291229
    0.001388845   34.743190765
    0.004599364   34.743190765
    0.001382897   34.912910461
    0.004579667   34.912910461
    0.001382897   35.083465576
    0.004560053   35.083465576
    0.001376975   35.254852295
    0.004540524   35.254852295
    0.001376975   35.427070618
    0.004521077   35.427070618
    0.001371078   35.600139618
    0.004501715   35.600139618
    0.001371078   35.774040222
    0.004463239   35.774040222
    0.001365206   35.948802948
    0.004444124   35.948802948
    0.001371078   36.124420166
    0.004463239   36.124420166
    0.001376975   36.300884247
    0.004463239   36.300884247
    0.001382897   36.478221893
    0.004482436   36.478221893
    0.001388845   36.656414032
    0.004482436   36.656414032
    0.001394819   36.835487366
    0.004501715   36.835487366
    0.001400818   37.015434265
    0.004501715   37.015434265
    0.001406844   37.196250916
    0.004501715   37.196250916
    0.001412895   37.377964020
    0.004521077   37.377964020
    0.001418972   37.560562134
    0.004521077   37.560562134
    0.001425075   37.744049072
    0.004540524   37.744049072
    0.001431204   37.928428650
    0.004521077   37.928428650
    0.001437360   38.113712311
    0.004482436   38.113712311
    0.001443542   38.299907684
    0.004463239   38.299907684
    0.001443542   38.486999512
    0.004444124   38.486999512
    0.001449751   38.675014496
    0.004406139   38.675014496
    0.001455987   38.863948822
    0.004387269   38.863948822
    0.001455987   39.053794861
    0.004349770   39.053794861
    0.001462249   39.244579315
    0.004331142   39.244579315
    0.001468539   39.436298370
    0.004312593   39.436298370
    0.001474855   39.628940582
    0.004275733   39.628940582
    0.001462249   39.822532654
    0.004294123   39.822532654
    0.001449751   40.017074585
    0.004331142   40.017074585
    0.001437360   40.212566376
    0.004349770   40.212566376
    0.001425075   40.409000397
    0.004387269   40.409000397
    0.001412895   40.606403351
    0.004406139   40.606403351
    0.001400818   40.804775238
    0.004425091   40.804775238
    0.001388845   41.004100800
    0.004463239   41.004100800
    0.001376975   41.204414368
    0.004482436   41.204414368
    0.001365206   41.405704498
    0.004521077   41.405704498
    0.001353537   41.607978821
    0.004540524   41.607978821
    0.001359359   41.811229706
    0.004540524   41.811229706
    0.001371078   42.015487671
    0.004540524   42.015487671
    0.001376975   42.220737457
    0.004540524   42.220737457
    0.001388845   42.426982880
    0.004540524   42.426982880
    0.001394819   42.634246826
    0.004540524   42.634246826
    0.001406844   42.842521667
    0.004540524   42.842521667
    0.001412895   43.051803589
    0.004540524   43.051803589
    0.001425075   43.262119293
    0.004540524   43.262119293
    0.001437360   43.473453522
    0.004540524   43.473453522
    0.001443542   43.685829163
    0.004540524   43.685829163
    0.001443542   43.899242401
    0.004501715   43.899242401
    0.001443542   44.113685608
    0.004482436   44.113685608
    0.001437360   44.329189301
    0.004444124   44.329189301
    0.001437360   44.545730591
    0.004406139   44.545730591
    0.001437360   44.763343811
    0.004368480   44.763343811
    0.001437360   44.982021332
    0.004331142   44.982021332
    0.001431204   45.201755524
    0.004294123   45.201755524
    0.001431204   45.422573090
    0.004257421   45.422573090
    0.001431204   45.644470215
    0.004221032   45.644470215
    0.001425075   45.867439270
    0.004184955   45.867439270
    0.001425075   46.091510773
    0.004239188   46.091510773
    0.001418972   46.316677094
    0.004275733   46.316677094
    0.001412895   46.542942047
    0.004331142   46.542942047
    0.001412895   46.770298004
    0.004368480   46.770298004
    0.001406844   46.998783112
    0.004425091   46.998783112
    0.001400818   47.228378296
    0.004463239   47.228378296
    0.001400818   47.459083557
    0.004521077   47.459083557
    0.001394819   47.690929413
    0.004560053   47.690929413
    0.001388845   47.923908234
    0.004619147   47.923908234
    0.001388845   48.158027649
    0.004679006   48.158027649
    0.001388845   48.393276215
    0.004658967   48.393276215
    0.001394819   48.629684448
    0.004639014   48.629684448
    0.001394819   48.867248535
    0.004619147   48.867248535
    0.001400818   49.105960846
    0.004599364   49.105960846
    0.001406844   49.345851898
    0.004579667   49.345851898
    0.001406844   49.586914062
    0.004560053   49.586914062
    0.001412895   49.829143524
    0.004540524   49.829143524
    0.001412895   50.072566986
    0.004521077   50.072566986
    0.001418972   50.317169189
    0.004501715   50.317169189
    0.001425075   50.562976837
    0.004501715   50.562976837
    0.001418972   50.809986115
    0.004501715   50.809986115
    0.001412895   51.058185577
    0.004521077   51.058185577
    0.001406844   51.307617188
    0.004521077   51.307617188
    0.001400818   51.558246613
    0.004540524   51.558246613
    0.001394819   51.810119629
    0.004540524   51.810119629
    0.001388845   52.063220978
    0.004560053   52.063220978
    0.001382897   52.317546844
    0.004579667   52.317546844
    0.001376975   52.573127747
    0.004579667   52.573127747
    0.001371078   52.829956055
    0.004599364   52.829956055
    0.001365206   53.088024139
    0.004599364   53.088024139
    0.001371078   53.347370148
    0.004579667   53.347370148
    0.001376975   53.607982635
    0.004560053   53.607982635
    0.001388845   53.869865417
    0.004521077   53.869865417
    0.001394819   54.133014679
    0.004501715   54.133014679
    0.001400818   54.397464752
    0.004463239   54.397464752
    0.001406844   54.663204193
    0.004444124   54.663204193
    0.001418972   54.930229187
    0.004406139   54.930229187
    0.001425075   55.198574066
    0.004387269   55.198574066
    0.001431204   55.468231201
    0.004349770   55.468231201
    0.001443542   55.739200592
    0.004331142   55.739200592
    0.001437360   56.011482239
    0.004331142   56.011482239
    0.001437360   56.285110474
    0.004331142   56.285110474
    0.001431204   56.560070038
    0.004349770   56.560070038
    0.001425075   56.836360931
    0.004349770   56.836360931
    0.001418972   57.114017487
    0.004349770   57.114017487
    0.001418972   57.393032074
    0.004368480   57.393032074
    0.001412895   57.673389435
    0.004368480   57.673389435
    0.001406844   57.955135345
    0.004387269   57.955135345
    0.001400818   58.238239288
    0.004387269   58.238239288
    0.001400818   58.522743225
    0.004387269   58.522743225
    0.001400818   58.808639526
    0.004406139   58.808639526
    0.001400818   59.095912933
    0.004406139   59.095912933
    0.001400818   59.384609222
    0.004406139   59.384609222
    0.001400818   59.674694061
    0.004425091   59.674694061
    0.001400818   59.966217041
    0.004425091   59.966217041
    0.001400818   60.259162903
    0.004444124   60.259162903
    0.001400818   60.553524017
    0.004444124   60.553524017
    0.001400818   60.849338531
    0.004463239   60.849338531
    0.001400818   61.146598816
    0.004463239   61.146598816
    0.001400818   61.445293427
    0.004482436   61.445293427
    0.001400818   61.745464325
    0.004501715   61.745464325
    0.001394819   62.047103882
    0.004521077   62.047103882
    0.001394819   62.350215912
    0.004540524   62.350215912
    0.001388845   62.654788971
    0.004560053   62.654788971
    0.001382897   62.960868835
    0.004579667   62.960868835
    0.001382897   63.268444061
    0.004619147   63.268444061
    0.001376975   63.577503204
    0.004639014   63.577503204
    0.001371078   63.888092041
    0.004658967   63.888092041
    0.001371078   64.200195312
    0.004679006   64.200195312
    0.001365206   64.513824463
    0.004699131   64.513824463
    0.001365206   64.828971863
    0.004699131   64.828971863
    0.001365206   65.145675659
    0.004679006   65.145675659
    0.001371078   65.463920593
    0.004679006   65.463920593
    0.001371078   65.783706665
    0.004658967   65.783706665
    0.001371078   66.105072021
    0.004658967   66.105072021
    0.001371078   66.428009033
    0.004639014   66.428009033
    0.001376975   66.752502441
    0.004639014   66.752502441
    0.001376975   67.078598022
    0.004619147   67.078598022
    0.001376975   67.406272888
    0.004619147   67.406272888
    0.001382897   67.735565186
    0.004599364   67.735565186
    0.001382897   68.066467285
    0.004579667   68.066467285
    0.001388845   68.398963928
    0.004560053   68.398963928
    0.001394819   68.733100891
    0.004540524   68.733100891
    0.001400818   69.068855286
    0.004521077   69.068855286
    0.001406844   69.406272888
    0.004501715   69.406272888
    0.001406844   69.745330811
    0.004482436   69.745330811
    0.001412895   70.086036682
    0.004463239   70.086036682
    0.001418972   70.428413391
    0.004444124   70.428413391
    0.001425075   70.772468567
    0.004425091   70.772468567
    0.001431204   71.118186951
    0.004406139   71.118186951
    0.001425075   71.465614319
    0.004425091   71.465614319
    0.001418972   71.814735413
    0.004425091   71.814735413
    0.001406844   72.165565491
    0.004444124   72.165565491
    0.001400818   72.518089294
    0.004463239   72.518089294
    0.001394819   72.872352600
    0.004463239   72.872352600
    0.001388845   73.228347778
    0.004482436   73.228347778
    0.001376975   73.586059570
    0.004501715   73.586059570
    0.001371078   73.945541382
    0.004501715   73.945541382
    0.001365206   74.306777954
    0.004521077   74.306777954
    0.001359359   74.669776917
    0.004521077   74.669776917
    0.001359359   75.034530640
    0.004540524   75.034530640
    0.001359359   75.401092529
    0.004560053   75.401092529
    0.001359359   75.769439697
    0.004579667   75.769439697
    0.001359359   76.139564514
    0.004599364   76.139564514
    0.001365206   76.511520386
    0.004619147   76.511520386
    0.001365206   76.885292053
    0.004639014   76.885292053
    0.001365206   77.260871887
    0.004658967   77.260871887
    0.001365206   77.638305664
    0.004679006   77.638305664
    0.001365206   78.017562866
    0.004699131   78.017562866
    0.001365206   78.398689270
    0.004719343   78.398689270
    0.001365206   78.781684875
    0.004719343   78.781684875
    0.001365206   79.166519165
    0.004699131   79.166519165
    0.001365206   79.553268433
    0.004679006   79.553268433
    0.001365206   79.941879272
    0.004658967   79.941879272
    0.001365206   80.332405090
    0.004658967   80.332405090
    0.001365206   80.724845886
    0.004639014   80.724845886
    0.001365206   81.119178772
    0.004619147   81.119178772
    0.001365206   81.515457153
    0.004619147   81.515457153
    0.001365206   81.913681030
    0.004599364   81.913681030
    0.001365206   82.313819885
    0.004579667   82.313819885
    0.001371078   82.715934753
    0.004560053   82.715934753
    0.001371078   83.120018005
    0.004540524   83.120018005
    0.001376975   83.526077271
    0.004521077   83.526077271
    0.001376975   83.934089661
    0.004501715   83.934089661
    0.001382897   84.344123840
    0.004482436   84.344123840
    0.001382897   84.756164551
    0.004463239   84.756164551
    0.001388845   85.170188904
    0.004444124   85.170188904
    0.001388845   85.586257935
    0.004425091   85.586257935
    0.001394819   86.004364014
    0.004406139   86.004364014
    0.001400818   86.424507141
    0.004387269   86.424507141
    0.001394819   86.846687317
    0.004387269   86.846687317
    0.001394819   87.270950317
    0.004406139   87.270950317
    0.001394819   87.697280884
    0.004425091   87.697280884
    0.001394819   88.125671387
    0.004425091   88.125671387
    0.001388845   88.556182861
    0.004444124   88.556182861
    0.001388845   88.988800049
    0.004463239   88.988800049
    0.001388845   89.423500061
    0.004482436   89.423500061
    0.001388845   89.860351562
    0.004482436   89.860351562
    0.001382897   90.299308777
    0.004501715   90.299308777
    0.001382897   90.740440369
    0.004501715   90.740440369
    0.001388845   91.183723450
    0.004501715   91.183723450
    0.001388845   91.629142761
    0.004501715   91.629142761
    0.001394819   92.076766968
    0.004482436   92.076766968
    0.001394819   92.526557922
    0.004482436   92.526557922
    0.001400818   92.978561401
    0.004463239   92.978561401
    0.001400818   93.432785034
    0.004463239   93.432785034
    0.001406844   93.889190674
    0.004444124   93.889190674
    0.001412895   94.347854614
    0.004444124   94.347854614
    0.001412895   94.808761597
    0.004425091   94.808761597
    0.001418972   95.271896362
    0.004425091   95.271896362
    0.001418972   95.737312317
    0.004425091   95.737312317
    0.001418972   96.205009460
    0.004425091   96.205009460
    0.001412895   96.674987793
    0.004444124   96.674987793
    0.001412895   97.147239685
    0.004444124   97.147239685
    0.001412895   97.621818542
    0.004444124   97.621818542
    0.001412895   98.087326050
    0.004444124   98.087326050
    0.001412895   98.555084229
    0.004444124   98.555084229
    0.001412895   99.025047302
    0.004463239   99.025047302
    0.001412895   99.497253418
    0.004463239   99.497253418
    0.001412895   99.971733093
    0.004463239   99.971733093
    0.001412895  100.448417664
    0.004463239  100.448417664
    0.001412895  100.927436829
    0.004463239  100.927436829
    0.001412895  101.408737183
    0.004463239  101.408737183
    0.001412895  101.892280579
    0.004463239  101.892280579
