    0.966469884    0.027833859
    0.954105616    0.027969824
    0.945950806    0.028106460
    0.937865674    0.028243767
    0.929849625    0.028381735
    0.917953849    0.028520385
    0.910108030    0.028659711
    0.902329206    0.028799711
    0.890785515    0.028940404
    0.883171916    0.029081782
    0.875623345    0.029223844
    0.864421308    0.029366609
    0.857033014    0.029510070
    0.849707842    0.029654231
    0.842445314    0.029799089
    0.831667721    0.029944664
    0.824559391    0.030090949
    0.817511797    0.030237939
    0.807053149    0.030385658
    0.800155163    0.030534096
    0.793316126    0.030683262
    0.783167064    0.030833146
    0.776473284    0.030983772
    0.769836664    0.031135133
    0.763256848    0.031287227
    0.753492296    0.031440068
    0.747052133    0.031593658
    0.740666986    0.031747993
    0.731191456    0.031903088
    0.724941909    0.032058928
    0.718745768    0.032215543
    0.709550738    0.032372922
    0.703486085    0.032531060
    0.697473347    0.032689981
    0.691511989    0.032849669
    0.682665288    0.033010144
    0.676830471    0.033171404
    0.671045542    0.033333443
    0.665310025    0.033496283
    0.656798542    0.033659913
    0.651184857    0.033824347
    0.645619094    0.033989582
    0.640100956    0.034155618
    0.631911993    0.034322474
    0.626510978    0.034490138
    0.621156096    0.034658629
    0.615846992    0.034827944
    0.607968330    0.034998074
    0.602771997    0.035169046
    0.597620010    0.035340853
    0.592512131    0.035513490
    0.584931970    0.035686977
    0.579932511    0.035861317
    0.574975729    0.036036506
    0.570061386    0.036212541
    0.562768459    0.036389444
    0.557958424    0.036567215
    0.553189456    0.036745843
    0.546112418    0.036925353
    0.541444719    0.037105739
    0.536816955    0.037287008
    0.532228708    0.037469149
    0.525419772    0.037652194
    0.520929039    0.037836131
    0.516476572    0.038020957
    0.512062192    0.038206697
    0.505511284    0.038393345
    0.501190603    0.038580891
    0.496906877    0.038769364
    0.492659748    0.038958762
    0.486357033    0.039149072
    0.482200116    0.039340321
    0.478078693    0.039532505
    0.471962541    0.039725628
    0.467928618    0.039919686
    0.463929176    0.040114701
    0.459963948    0.040310670
    0.454079509    0.040507581
    0.450198442    0.040705469
    0.446350574    0.040904310
    0.440640271    0.041104134
    0.436874062    0.041304938
    0.433140069    0.041506708
    0.427598804    0.041709475
    0.423944086    0.041913223
    0.420320600    0.042117976
    0.416728079    0.042323731
    0.413166255    0.042530477
    0.407880515    0.042738248
    0.404394299    0.042947032
    0.400937915    0.043156836
    0.397511035    0.043367650
    0.392425597    0.043579511
    0.389071494    0.043792404
    0.385746092    0.044006325
    0.382449090    0.044221304
    0.377556324    0.044437334
    0.374329329    0.044654407
    0.371129870    0.044872552
    0.367957771    0.045091763
    0.363250405    0.045312032
    0.360145688    0.045533389
    0.357067466    0.045755826
    0.354015589    0.045979351
    0.349486589    0.046203956
    0.346499473    0.046429671
    0.343537927    0.046656489
    0.340601653    0.046884403
    0.336244285    0.047113441
    0.333370358    0.047343586
    0.330521017    0.047574867
    0.326292574    0.047807280
    0.323503733    0.048040811
    0.320738703    0.048275501
    0.317997336    0.048511323
    0.313929111    0.048748307
    0.311245918    0.048986454
    0.308585674    0.049225748
    0.305948168    0.049466223
    0.966469884    0.049466223
    0.302034110    0.049707875
    0.958209395    0.049707875
    0.299452603    0.049950708
    0.945950806    0.049950708
    0.296893150    0.050194710
    0.937865674    0.050194710
    0.293094933    0.050439920
    0.925867319    0.050439920
    0.290589809    0.050686330
    0.917953849    0.050686330
    0.288106114    0.050933927
    0.910108030    0.050933927
    0.284420311    0.051182751
    0.898464799    0.051182751
    0.281989336    0.051432785
    0.890785515    0.051432785
    0.279579133    0.051684029
    0.883171916    0.051684029
    0.276002377    0.051936515
    0.875623345    0.051936515
    0.273643374    0.052190237
    0.864421308    0.052190237
    0.271304518    0.052445181
    0.857033014    0.052445181
    0.268985659    0.052701384
    0.849707842    0.052701384
    0.265544444    0.052958839
    0.838837385    0.052958839
    0.263274819    0.053217553
    0.831667721    0.053217553
    0.261024594    0.053477515
    0.824559391    0.053477515
    0.258793592    0.053738765
    0.814010620    0.053738765
    0.255482763    0.054001287
    0.807053149    0.054001287
    0.253299147    0.054265078
    0.800155163    0.054265078
    0.251134187    0.054530174
    0.793316126    0.054530174
    0.248987734    0.054796547
    0.786535621    0.054796547
    0.245802373    0.055064239
    0.779812992    0.055064239
    0.243701473    0.055333238
    0.769836664    0.055333238
    0.241618499    0.055603534
    0.759988010    0.055603534
    0.239553362    0.055875167
    0.753492296    0.055875167
    0.237505883    0.056148112
    0.747052133    0.056148112
    0.234467417    0.056422409
    0.737494946    0.056422409
    0.232463405    0.056698039
    0.731191456    0.056698039
    0.230476514    0.056975007
    0.724941909    0.056975007
    0.227527976    0.057253338
    0.718745768    0.057253338
    0.225583270    0.057533033
    0.712602556    0.057533033
    0.223655194    0.057814091
    0.706511915    0.057814091
    0.221743584    0.058096506
    0.697473347    0.058096506
    0.219848320    0.058380321
    0.691511989    0.058380321
    0.217035756    0.058665518
    0.682665288    0.058665518
    0.215180725    0.058952093
    0.676830471    0.058952093
    0.213341549    0.059240084
    0.668171585    0.059240084
    0.211518109    0.059529483
    0.662460685    0.059529483
    0.208812103    0.059820279
    0.656798542    0.059820279
    0.207027361    0.060112514
    0.651184857    0.060112514
    0.205257878    0.060406171
    0.645619094    0.060406171
    0.202631980    0.060701251
    0.640100956    0.060701251
    0.200900063    0.060997788
    0.631911993    0.060997788
    0.199182943    0.061295774
    0.626510978    0.061295774
    0.197480515    0.061595213
    0.618495822    0.061595213
    0.194954097    0.061896101
    0.613209486    0.061896101
    0.193287805    0.062198475
    0.607968330    0.062198475
    0.191635758    0.062502325
    0.600190461    0.062502325
    0.189997822    0.062807642
    0.595060587    0.062807642
    0.187567145    0.063114472
    0.589974523    0.063114472
    0.185963988    0.063422777
    0.584931970    0.063422777
    0.184374541    0.063732609
    0.579932511    0.063732609
    0.182015792    0.064043954
    0.572513282    0.064043954
    0.180460081    0.064356804
    0.567619920    0.064356804
    0.178917676    0.064671196
    0.562768459    0.064671196
    0.177388445    0.064987108
    0.555568814    0.064987108
    0.175119072    0.065304585
    0.550820291    0.065304585
    0.173622310    0.065623611
    0.546112418    0.065623611
    0.172138348    0.065944172
    0.539125860    0.065944172
    0.170667067    0.066266321
    0.534517884    0.066266321
    0.168483689    0.066590048
    0.529949307    0.066590048
    0.167043641    0.066915348
    0.525419772    0.066915348
    0.165615901    0.067242227
    0.520929039    0.067242227
    0.163497135    0.067570716
    0.514264643    0.067570716
    0.162099719    0.067900814
    0.509869158    0.067900814
    0.160714224    0.068232499
    0.503346264    0.068232499
    0.159340590    0.068565831
    0.499044120    0.068565831
    0.157978684    0.068900786
    0.494778752    0.068900786
    0.155957639    0.069237359
    0.490549833    0.069237359
    0.154624641    0.069575593
    0.486357033    0.069575593
    0.153303057    0.069915488
    0.482200116    0.069915488
    0.151341811    0.070257016
    0.476031214    0.070257016
    0.150048286    0.070600234
    0.471962541    0.070600234
    0.148765802    0.070945129
    0.465924621    0.070945129
    0.147494286    0.071291707
    0.461942315    0.071291707
    0.146233633    0.071639962
    0.457994044    0.071639962
    0.144362822    0.071989939
    0.452134818    0.071989939
    0.143128932    0.072341621
    0.448270380    0.072341621
    0.141905606    0.072695002
    0.444438964    0.072695002
    0.140692711    0.073050134
    0.440640271    0.073050134
    0.138892800    0.073406994
    0.436874062    0.073406994
    0.137705669    0.073765598
    0.433140069    0.073765598
    0.136528686    0.074125938
    0.427598804    0.074125938
    0.135361761    0.074488059
    0.423944086    0.074488059
    0.134204820    0.074851945
    0.418520480    0.074851945
    0.132487908    0.075217590
    0.414943337    0.075217590
    0.131355524    0.075585037
    0.411396772    0.075585037
    0.130232811    0.075954288
    0.406133652    0.075954288
    0.129119694    0.076325320
    0.402662396    0.076325320
    0.127467841    0.076698177
    0.399220794    0.076698177
    0.126378357    0.077072844
    0.395808607    0.077072844
    0.125298187    0.077449359
    0.392425597    0.077449359
    0.124227256    0.077827714
    0.389071494    0.077827714
    0.122637987    0.078207895
    0.384094059    0.078207895
    0.121589787    0.078589953
    0.380811155    0.078589953
    0.120550551    0.078973860
    0.375939369    0.078973860
    0.119520187    0.079359658
    0.372726142    0.079359658
    0.117991142    0.079747342
    0.369540423    0.079747342
    0.116982661    0.080136903
    0.366381913    0.080136903
    0.115982801    0.080528386
    0.361694723    0.080528386
    0.114499003    0.080921784
    0.358603269    0.080921784
    0.113520369    0.081317075
    0.355538249    0.081317075
    0.112550102    0.081714325
    0.352499425    0.081714325
    0.111588120    0.082113512
    0.347989827    0.082113512
    0.110160552    0.082514651
    0.345015526    0.082514651
    0.109219000    0.082917728
    0.342066646    0.082917728
    0.108285494    0.083322801
    0.337690502    0.083322801
    0.107359968    0.083729848
    0.334804237    0.083729848
    0.105986483    0.084138855
    0.331942618    0.084138855
    0.105080612    0.084549889
    0.329105496    0.084549889
    0.104182474    0.084962934
    0.326292574    0.084962934
    0.102849633    0.085377991
    0.323503733    0.085377991
    0.101970568    0.085795052
    0.319365084    0.085795052
    0.101099014    0.086214177
    0.316635430    0.086214177
    0.100234911    0.086635351
    0.312584639    0.086635351
    0.098952584    0.087058559
    0.309912950    0.087058559
    0.098106824    0.087483853
    0.307264090    0.087483853
    0.097268298    0.087911226
    0.303333193    0.087911226
    0.096436933    0.088340670
    0.300740570    0.088340670
    0.095203198    0.088772230
    0.298170120    0.088772230
    0.094389483    0.089205869
    0.295621634    0.089205869
    0.093582727    0.089641660
    0.293094933    0.089641660
    0.092782870    0.090079576
    0.289345294    0.090079576
    0.091989845    0.090519607
    0.286872238    0.090519607
    0.090812996    0.090961806
    0.284420311    0.090961806
    0.090036809    0.091406152
    0.280781657    0.091406152
    0.089267254    0.091852687
    0.278381795    0.091852687
    0.088504277    0.092301399
    0.276002377    0.092301399
    0.087747820    0.092752285
    0.272471428    0.092752285
    0.086625248    0.093205392
    0.270142585    0.093205392
    0.085884854    0.093660720
    0.267833650    0.093660720
    0.085150786    0.094118245
    0.265544444    0.094118245
    0.084422991    0.094578028
    0.263274819    0.094578028
    0.083342955    0.095040061
    0.259906679    0.095040061
    0.082630612    0.095504351
    0.257685244    0.095504351
    0.081924357    0.095970877
    0.255482763    0.095970877
    0.081224144    0.096439712
    0.252214372    0.096439712
    0.080529913    0.096910842
    0.250058651    0.096910842
    0.079499677    0.097384237
    0.247921392    0.097384237
    0.078820184    0.097859979
    0.245802373    0.097859979
    0.078146502    0.098338045
    0.243701473    0.098338045
    0.077146754    0.098818414
    0.241618499    0.098818414
    0.076487370    0.099301159
    0.238527432    0.099301159
    0.075833626    0.099786267
    0.236488715    0.099786267
    0.075185470    0.100273713
    0.233463258    0.100273713
    0.074542850    0.100763567
    0.231467828    0.100763567
    0.073589206    0.101255797
    0.228506610    0.101255797
    0.072960235    0.101750441
    0.226553530    0.101750441
    0.072336636    0.102247506
    0.224617153    0.102247506
    0.071718365    0.102746993
    0.222697333    0.102746993
    0.070800856    0.103248917
    0.220793918    0.103248917
    0.070195720    0.103753306
    0.218906775    0.103753306
    0.069595747    0.104260147
    0.216106251    0.104260147
    0.069000907    0.104769461
    0.214259163    0.104769461
    0.068118162    0.105281264
    0.211518109    0.105281264
    0.067535952    0.105795585
    0.209710240    0.105795585
    0.066958711    0.106312394
    0.207917824    0.106312394
    0.066386409    0.106831737
    0.206140727    0.106831737
    0.065537117    0.107353628
    0.203503519    0.107353628
    0.064976960    0.107878059
    0.201764166    0.107878059
    0.064421594    0.108405061
    0.200039655    0.108405061
    0.063597441    0.108934626
    0.198329896    0.108934626
    0.063053861    0.109466776
    0.196634755    0.109466776
    0.062514938    0.110001542
    0.194119170    0.110001542
    0.061980616    0.110538900
    0.192460015    0.110538900
    0.061187685    0.111078903
    0.189997822    0.111078903
    0.060664706    0.111621529
    0.188373893    0.111621529
    0.060146198    0.112166807
    0.186763838    0.112166807
    0.059632123    0.112714760
    0.185167551    0.112714760
    0.059122439    0.113265380
    0.182798669    0.113265380
    0.058366075    0.113818683
    0.181236267    0.113818683
    0.057867214    0.114374690
    0.179687217    0.114374690
    0.057372618    0.114933431
    0.178151414    0.114933431
    0.056882247    0.115494892
    0.175872296    0.115494892
    0.056396071    0.116059087
    0.174369097    0.116059087
    0.055914048    0.116626054
    0.172878742    0.116626054
    0.055198725    0.117195778
    0.170667067    0.117195778
    0.054726936    0.117768288
    0.169208363    0.117768288
    0.054259181    0.118343607
    0.167762116    0.118343607
    0.053795423    0.118921719
    0.166328236    0.118921719
    0.053107206    0.119502671
    0.164906606    0.119502671
    0.052653294    0.120086446
    0.163497135    0.120086446
    0.052203260    0.120673075
    0.161405489    0.120673075
    0.051757071    0.121262588
    0.160025939    0.121262588
    0.051314700    0.121854961
    0.157978684    0.121854961
    0.050658219    0.122450240
    0.156628430    0.122450240
    0.050225239    0.123048417
    0.155289710    0.123048417
    0.049795959    0.123649515
    0.153303057    0.123649515
    0.049370348    0.124253564
    0.151992753    0.124253564
    0.048948374    0.124860547
    0.150693655    0.124860547
    0.048322167    0.125470504
    0.149405673    0.125470504
    0.047909152    0.126083449
    0.148128688    0.126083449
    0.047499668    0.126699373
    0.146233633    0.126699373
    0.047093686    0.127318293
    0.144983768    0.127318293
    0.046691168    0.127940252
    0.143744558    0.127940252
    0.046093840    0.128565267
    0.141905606    0.128565267
    0.045699872    0.129193306
    0.140692711    0.129193306
    0.045309268    0.129824430
    0.139490202    0.129824430
    0.044922005    0.130458638
    0.138297960    0.130458638
    0.044347309    0.131095931
    0.136528686    0.131095931
    0.043968268    0.131736353
    0.135361761    0.131736353
    0.043592468    0.132379889
    0.134204820    0.132379889
    0.043219864    0.133026585
    0.133057758    0.133026585
    0.042666946    0.133676425
    0.131355524    0.133676425
    0.042302266    0.134329438
    0.130232811    0.134329438
    0.041940704    0.134985670
    0.128566712    0.134985670
    0.041582234    0.135645077
    0.127467841    0.135645077
    0.041226827    0.136307701
    0.126378357    0.136307701
    0.040699404    0.136973590
    0.125298187    0.136973590
    0.040351540    0.137642711
    0.124227256    0.137642711
    0.040006652    0.138315111
    0.123165473    0.138315111
    0.039494839    0.138990805
    0.122112766    0.138990805
    0.039157271    0.139669776
    0.120550551    0.139669776
    0.038822591    0.140352070
    0.119008318    0.140352070
    0.038490769    0.141037703
    0.117991142    0.141037703
    0.038161796    0.141726688
    0.116982661    0.141726688
    0.037835624    0.142419025
    0.115486078    0.142419025
    0.037351582    0.143114761
    0.114499003    0.143114761
    0.037032336    0.143813893
    0.113520369    0.143813893
    0.036715817    0.144516438
    0.112550102    0.144516438
    0.036401995    0.145222425
    0.111588120    0.145222425
    0.036090862    0.145931840
    0.110634372    0.145931840
    0.035629142    0.146644726
    0.109219000    0.146644726
    0.035324618    0.147361115
    0.108285494    0.147361115
    0.035022695    0.148080975
    0.107359968    0.148080975
    0.034723353    0.148804381
    0.105986483    0.148804381
    0.034426566    0.149531290
    0.105080612    0.149531290
    0.034132320    0.150261760
    0.104182474    0.150261760
    0.033695657    0.150995821
    0.102849633    0.150995821
    0.033407658    0.151733443
    0.101970568    0.151733443
    0.033122119    0.152474687
    0.101099014    0.152474687
    0.032839023    0.153219521
    0.100234911    0.153219521
    0.032558344    0.153968006
    0.099378191    0.153968006
    0.032141816    0.154720172
    0.098106824    0.154720172
    0.031867098    0.155475989
    0.097268298    0.155475989
    0.031594727    0.156235516
    0.096023925    0.156235516
    0.031324685    0.156998739
    0.095203198    0.156998739
    0.031056948    0.157765672
    0.094389483    0.157765672
    0.030791501    0.158536375
    0.093582727    0.158536375
    0.030397579    0.159310848
    0.092385501    0.159310848
    0.030137768    0.160089090
    0.091595873    0.160089090
    0.029880177    0.160871133
    0.090812996    0.160871133
    0.029624788    0.161656991
    0.090036809    0.161656991
    0.029371582    0.162446693
    0.088884950    0.162446693
    0.029120540    0.163240284
    0.088125236    0.163240284
    0.028747994    0.164037719
    0.087372027    0.164037719
    0.028502282    0.164839044
    0.086254254    0.164839044
    0.028258670    0.165644288
    0.085517034    0.165644288
    0.028017141    0.166453496
    0.084786110    0.166453496
    0.027777676    0.167266622
    0.084061429    0.167266622
    0.027422309    0.168083757
    0.083342955    0.168083757
    0.027187929    0.168904856
    0.082630612    0.168904856
    0.026955551    0.169729963
    0.081573501    0.169729963
    0.026725158    0.170559123
    0.080529913    0.170559123
    0.026496736    0.171392307
    0.079841614    0.171392307
    0.026157757    0.172229588
    0.079159200    0.172229588
    0.025934184    0.173070937
    0.078146502    0.173070937
    0.025712522    0.173916399
    0.077478573    0.173916399
    0.025492756    0.174766004
    0.076816358    0.174766004
    0.025274865    0.175619751
    0.076159798    0.175619751
    0.024951519    0.176477656
    0.075508855    0.176477656
    0.024738256    0.177339762
    0.074863471    0.177339762
    0.024526816    0.178206101
    0.073905729    0.178206101
    0.024317183    0.179076642
    0.073274046    0.179076642
    0.024109341    0.179951444
    0.072336636    0.179951444
    0.023903277    0.180830538
    0.071718365    0.180830538
    0.023597477    0.181713894
    0.071105383    0.181713894
    0.023395786    0.182601586
    0.070195720    0.182601586
    0.023195820    0.183493629
    0.069595747    0.183493629
    0.022997564    0.184389994
    0.069000907    0.184389994
    0.022801001    0.185290754
    0.068411149    0.185290754
    0.022606118    0.186195925
    0.067826428    0.186195925
    0.022412902    0.187105507
    0.066958711    0.187105507
    0.022126168    0.188019514
    0.066386409    0.188019514
    0.021937054    0.188938007
    0.065818995    0.188938007
    0.021749556    0.189861000
    0.064976960    0.189861000
    0.021563660    0.190788478
    0.064421594    0.190788478
    0.021379353    0.191720486
    0.063870981    0.191720486
    0.021196622    0.192657083
    0.063053861    0.192657083
    0.021015447    0.193598211
    0.062514938    0.193598211
    0.020746591    0.194543973
    0.061980616    0.194543973
    0.020569269    0.195494339
    0.061450861    0.195494339
    0.020393461    0.196449339
    0.060925633    0.196449339
    0.020219155    0.197409019
    0.060146198    0.197409019
    0.020046346    0.198373377
    0.059632123    0.198373377
    0.019875007    0.199342459
    0.058869235    0.199342459
    0.019705134    0.200316265
    0.058366075    0.200316265
    0.019536711    0.201294810
    0.057867214    0.201294810
    0.019369729    0.202278182
    0.057372618    0.202278182
    0.019121928    0.203266323
    0.056638636    0.203266323
    0.018958492    0.204259276
    0.056154542    0.204259276
    0.018796451    0.205257088
    0.055674583    0.205257088
    0.018635796    0.206259817
    0.055198725    0.206259817
    0.018476509    0.207267404
    0.054492556    0.207267404
    0.018318588    0.208279908
    0.054026805    0.208279908
    0.018162018    0.209297404
    0.053335626    0.209297404
    0.018006785    0.210319817
    0.052879762    0.210319817
    0.017776420    0.211347252
    0.052427795    0.211347252
    0.017624484    0.212379709
    0.051979687    0.212379709
    0.017473845    0.213417202
    0.051535413    0.213417202
    0.017324494    0.214459777
    0.050876107    0.214459777
    0.017176419    0.215507418
    0.050441265    0.215507418
    0.017029611    0.216560185
    0.050010137    0.216560185
    0.016811749    0.217618123
    0.049370348    0.217618123
    0.016668057    0.218681201
    0.048948374    0.218681201
    0.016525593    0.219749495
    0.048530009    0.219749495
    0.016384346    0.220822975
    0.047909152    0.220822975
    0.016244309    0.221901715
    0.047499668    0.221901715
    0.016105467    0.222985744
    0.047093686    0.222985744
    0.015967812    0.224075034
    0.046691168    0.224075034
    0.015831333    0.225169659
    0.046292096    0.225169659
    0.015628800    0.226269647
    0.045896433    0.226269647
    0.015495218    0.227374986
    0.045309268    0.227374986
    0.015362780    0.228485718
    0.044922005    0.228485718
    0.015231472    0.229601875
    0.044347309    0.229601875
    0.015101288    0.230723530
    0.043968268    0.230723530
    0.014972215    0.231850624
    0.043592468    0.231850624
    0.014844246    0.232983217
    0.043034766    0.232983217
    0.014717370    0.234121382
    0.042666946    0.234121382
    0.014591580    0.235265076
    0.042302266    0.235265076
    0.014466864    0.236414358
    0.041940704    0.236414358
    0.014281786    0.237569258
    0.041582234    0.237569258
    0.014159719    0.238729820
    0.041050263    0.238729820
    0.014038694    0.239896029
    0.040699404    0.239896029
    0.013918703    0.241067931
    0.040178727    0.241067931
    0.013799739    0.242245600
    0.039835315    0.242245600
    0.013681792    0.243428975
    0.039494839    0.243428975
    0.013564852    0.244618133
    0.038989570    0.244618133
    0.013448912    0.245813131
    0.038656324    0.245813131
    0.013333962    0.247013941
    0.038325936    0.247013941
    0.013219995    0.248220623
    0.037998360    0.248220623
    0.013107003    0.249433219
    0.037673585    0.249433219
    0.012994977    0.250651717
    0.037191618    0.250651717
    0.012883907    0.251876146
    0.036873735    0.251876146
    0.012773787    0.253106594
    0.036401995    0.253106594
    0.012664608    0.254343063
    0.036090862    0.254343063
    0.012556362    0.255585521
    0.035782389    0.255585521
    0.012449042    0.256834090
    0.035324618    0.256834090
    0.012342638    0.258088768
    0.035022695    0.258088768
    0.012237145    0.259349525
    0.034723353    0.259349525
    0.012132552    0.260616511
    0.034426566    0.260616511
    0.011977338    0.261889637
    0.034132320    0.261889637
    0.011926043    0.263168961
    0.033695657    0.263168961
    0.011824110    0.264454603
    0.033407658    0.264454603
    0.011723048    0.265746474
    0.032980267    0.265746474
    0.011622850    0.267044693
    0.032698382    0.267044693
    0.011474156    0.268349200
    0.032418903    0.268349200
    0.011376086    0.269660115
    0.032004163    0.269660115
    0.011278853    0.270977437
    0.031730618    0.270977437
    0.011182452    0.272301197
    0.031459413    0.272301197
    0.011086874    0.273631424
    0.031190528    0.273631424
    0.010992114    0.274968117
    0.030923940    0.274968117
    0.010898163    0.276311368
    0.030528322    0.276311368
    0.010805015    0.277661204
    0.030267393    0.277661204
    0.010712664    0.279017568
    0.029880177    0.279017568
    0.010621101    0.280380636
    0.029624788    0.280380636
    0.010530321    0.281750292
    0.029371582    0.281750292
    0.010440318    0.283126652
    0.028995825    0.283126652
    0.010351083    0.284509748
    0.028747994    0.284509748
    0.010262611    0.285899639
    0.028502282    0.285899639
    0.010174896    0.287296265
    0.028258670    0.287296265
    0.010087930    0.288699716
    0.028017141    0.288699716
    0.010001708    0.290110022
    0.027658712    0.290110022
    0.009916222    0.291527241
    0.027422309    0.291527241
    0.009831467    0.292951405
    0.027071491    0.292951405
    0.009747436    0.294382483
    0.026840108    0.294382483
    0.009664124    0.295820534
    0.026496736    0.295820534
    0.009581524    0.297265649
    0.026270267    0.297265649
    0.009499630    0.298717827
    0.026045732    0.298717827
    0.009418435    0.300177097
    0.025823116    0.300177097
    0.009337935    0.301643491
    0.025602402    0.301643491
    0.009258123    0.303117037
    0.025274865    0.303117037
    0.009178992    0.304597795
    0.025058839    0.304597795
    0.009139681    0.306085795
    0.024844659    0.306085795
    0.009061564    0.307581037
    0.024526816    0.307581037
    0.008984114    0.309083641
    0.024317183    0.309083641
    0.008907326    0.310593516
    0.024006087    0.310593516
    0.008831194    0.312110782
    0.023800906    0.312110782
    0.008755713    0.313635498
    0.023597477    0.313635498
    0.008680876    0.315167636
    0.023295589    0.315167636
    0.008606681    0.316707253
    0.023096479    0.316707253
    0.008533118    0.318254411
    0.022899071    0.318254411
    0.008460185    0.319809109
    0.022703350    0.319809109
    0.008423952    0.321371406
    0.022412902    0.321371406
    0.008351952    0.322941333
    0.022221336    0.322941333
    0.008280567    0.324518919
    0.021937054    0.324518919
    0.008209792    0.326104254
    0.021749556    0.326104254
    0.008139622    0.327697307
    0.021471309    0.327697307
    0.008070052    0.329298109
    0.021287791    0.329298109
    0.008001076    0.330906779
    0.021105843    0.330906779
    0.007932690    0.332523257
    0.020925444    0.332523257
    0.007864889    0.334147692
    0.020746591    0.334147692
    0.007797667    0.335780025
    0.020481175    0.335780025
    0.007764271    0.337420315
    0.020306122    0.337420315
    0.007697910    0.339068651
    0.020046346    0.339068651
    0.007632115    0.340725034
    0.019875007    0.340725034
    0.007566882    0.342389494
    0.019620743    0.342389494
    0.007502208    0.344062120
    0.019453041    0.344062120
    0.007438085    0.345742881
    0.019286774    0.345742881
    0.007406230    0.347431868
    0.019040035    0.347431868
    0.007342928    0.349129081
    0.018877298    0.349129081
    0.007280168    0.350834638
    0.018715952    0.350834638
    0.007217943    0.352548480
    0.018555984    0.352548480
    0.007156251    0.354270697
    0.018318588    0.354270697
    0.007095085    0.356001347
    0.018084235    0.356001347
    0.007064699    0.357740432
    0.017929668    0.357740432
    0.007004316    0.359488040
    0.017776420    0.359488040
    0.006944450    0.361244172
    0.017549003    0.361244172
    0.006885095    0.363008887
    0.017399009    0.363008887
    0.006826248    0.364782214
    0.017250299    0.364782214
    0.006767903    0.366564214
    0.017102858    0.366564214
    0.006710057    0.368354917
    0.016884059    0.368354917
    0.006681319    0.370154351
    0.016739748    0.370154351
    0.006624213    0.371962607
    0.016525593    0.371962607
    0.006567596    0.373779684
    0.016384346    0.373779684
    0.006539469    0.375605613
    0.016174739    0.375605613
    0.006483575    0.377440482
    0.016036492    0.377440482
    0.006428159    0.379284322
    0.015831333    0.379284322
    0.006373217    0.381137133
    0.015696021    0.381137133
    0.006345923    0.382999033
    0.015561866    0.382999033
    0.006291683    0.384870023
    0.015428857    0.384870023
    0.006237908    0.386750132
    0.015231472    0.386750132
    0.006184591    0.388639450
    0.015101288    0.388639450
    0.006158105    0.390538007
    0.014908093    0.390538007
    0.006105471    0.392445832
    0.014780672    0.392445832
    0.006079323    0.394362926
    0.014591580    0.394362926
    0.006027362    0.396289438
    0.014466864    0.396289438
    0.005975846    0.398225367
    0.014281786    0.398225367
    0.005950253    0.400170714
    0.014159719    0.400170714
    0.005899395    0.402125597
    0.013978570    0.402125597
    0.005848973    0.404089987
    0.013859094    0.404089987
    0.005798981    0.406064004
    0.013740639    0.406064004
    0.005774145    0.408047676
    0.013564852    0.408047676
    0.005724793    0.410041004
    0.013448912    0.410041004
    0.005700276    0.412044108
    0.013276857    0.412044108
    0.005651555    0.414056957
    0.013163378    0.414056957
    0.005627351    0.416079670
    0.012994977    0.416079670
    0.005579253    0.418112278
    0.012883907    0.418112278
    0.005531567    0.420154810
    0.012719080    0.420154810
    0.005507877    0.422207266
    0.012610369    0.422207266
    0.005460800    0.424269795
    0.012502587    0.424269795
    0.005414126    0.426342398
    0.012342638    0.426342398
    0.005390939    0.428425133
    0.012237145    0.428425133
    0.005367851    0.430518061
    0.012080592    0.430518061
    0.005321972    0.432621151
    0.011926043    0.432621151
    0.005299179    0.434734553
    0.011824110    0.434734553
    0.005253886    0.436858267
    0.011672841    0.436858267
    0.005231386    0.438992381
    0.011573073    0.438992381
    0.005186672    0.441136867
    0.011425016    0.441136867
    0.005142341    0.443291873
    0.011327364    0.443291873
    0.005120318    0.445457369
    0.011182452    0.445457369
    0.005076551    0.447633475
    0.011086874    0.447633475
    0.005054810    0.449820220
    0.010945037    0.449820220
    0.005033161    0.452017605
    0.010851488    0.452017605
    0.004990143    0.454225779
    0.010712664    0.454225779
    0.004968771    0.456444681
    0.010575614    0.456444681
    0.004926303    0.458674461
    0.010485223    0.458674461
    0.004905205    0.460915148
    0.010351083    0.460915148
    0.004863279    0.463166744
    0.010262611    0.463166744
    0.004842451    0.465429366
    0.010131320    0.465429366
    0.004801062    0.467703044
    0.010044727    0.467703044
    0.004780501    0.469987810
    0.009916222    0.469987810
    0.004739641    0.472283721
    0.009789362    0.472283721
    0.004719343    0.474590868
    0.009705691    0.474590868
    0.004699131    0.476909310
    0.009581524    0.476909310
    0.004679006    0.479239047
    0.009458945    0.479239047
    0.004658967    0.481580168
    0.009337935    0.481580168
    0.004619147    0.483932734
    0.009258123    0.483932734
    0.004599364    0.486296773
    0.009139681    0.486296773
    0.004579667    0.488672346
    0.009061564    0.488672346
    0.004560053    0.491059572
    0.008945637    0.491059572
    0.004521077    0.493458450
    0.008869178    0.493458450
    0.004501715    0.495869011
    0.008755713    0.495869011
    0.004482436    0.498291373
    0.008643699    0.498291373
    0.004463239    0.500725567
    0.008533118    0.500725567
    0.004444124    0.503171682
    0.008423952    0.503171682
    0.004425091    0.505629718
    0.008316183    0.505629718
    0.004406139    0.508099735
    0.008209792    0.508099735
    0.004387269    0.510581851
    0.008104762    0.510581851
    0.004368480    0.513076067
    0.008035490    0.513076067
    0.004349770    0.515582502
    0.007932690    0.515582502
    0.004331142    0.518101215
    0.007864889    0.518101215
    0.004312593    0.520632207
    0.007731020    0.520632207
    0.004294123    0.523175538
    0.007632115    0.523175538
    0.004275733    0.525731266
    0.007534476    0.525731266
    0.004275733    0.528299510
    0.007438085    0.528299510
    0.004257421    0.530880332
    0.007342928    0.530880332
    0.004239188    0.533473730
    0.007248988    0.533473730
    0.004221032    0.536079764
    0.007156251    0.536079764
    0.004202954    0.538698554
    0.007064699    0.538698554
    0.004184955    0.541330159
    0.006974319    0.541330159
    0.004167031    0.543974578
    0.006885095    0.543974578
    0.004167031    0.546631992
    0.006797012    0.546631992
    0.004167031    0.549302280
    0.006681319    0.549302280
    0.004149185    0.551985681
    0.006595844    0.551985681
    0.004149185    0.554682195
    0.006483575    0.554682195
    0.004149185    0.557391882
    0.006400629    0.557391882
    0.004131415    0.560114801
    0.006318745    0.560114801
    0.004131415    0.562851012
    0.006211192    0.562851012
    0.004113722    0.565600574
    0.006131731    0.565600574
    0.004113722    0.568363607
    0.006053287    0.568363607
    0.004096104    0.571140110
    0.005950253    0.571140110
    0.004113722    0.573930144
    0.005848973    0.573930144
    0.004113722    0.576733887
    0.005749417    0.576733887
    0.004131415    0.579551280
    0.005627351    0.579551280
    0.004131415    0.582382441
    0.005531567    0.582382441
    0.004149185    0.585227430
    0.005414126    0.585227430
    0.004167031    0.588086307
    0.005321972    0.588086307
    0.004184955    0.590959132
    0.005208981    0.590959132
    0.004202954    0.593846083
    0.005098386    0.593846083
    0.004239188    0.596747041
    0.004990143    0.596747041
    0.004257421    0.599662185
    0.004884197    0.599662185
    0.004425091    0.602591574
    0.004679006    0.602591574
