0.125 4.66860084e-14 3.45126996e-12 0.0 1.1697612e-13 7.21394396e-12 0.0 
0.375 5.76304576e-14 2.24824236e-12 0.0 2.269335456e-13 1.29006952e-11 0.0 
0.625 5.41036064e-14 2.28140548e-12 0.0 2.91417896e-13 2.20915556e-11 0.0 
0.875 5.007674e-14 2.13906736e-12 0.0 3.08145836e-13 2.94356228e-11 0.0 
1.125 4.91722028e-14 2.3553846e-12 0.0 2.888887684e-13 3.46960836e-11 0.0 
1.375 4.6311062e-14 2.80559276e-12 0.0 2.832106568e-13 3.71947228e-11 0.0 
1.625 4.413583236e-14 2.80466224e-12 0.0 2.577898808e-13 3.80810708e-11 0.0 
1.875 4.5885371e-14 2.63146e-12 0.0 2.188960756e-13 4.08039964e-11 0.0 
2.125 4.478573252e-14 2.43362692e-12 0.0 2.237980244e-13 4.14425284e-11 0.0 
2.375 4.393258268e-14 2.22584816e-12 0.0 1.979259668e-13 4.07865928e-11 0.0 
2.625 4.59687544e-14 2.03511692e-12 0.0 1.700285388e-13 4.0982488e-11 0.0 
2.875 4.197702616e-14 1.85556532e-12 0.0 1.832932356e-13 4.03375256e-11 0.0 
3.125 3.82794076e-14 1.597357944e-12 0.0 1.4806947916e-13 3.69025076e-11 0.0 
3.375 3.848824928e-14 1.402152048e-12 0.0 1.4475595156e-13 3.17085584e-11 0.0 
3.625 3.691039484e-14 1.29427824e-12 0.0 1.196373088e-13 2.61523448e-11 0.0 
3.875 3.784960132e-14 1.385328808e-12 0.0 1.233940344e-13 2.01387968e-11 0.0 
4.125 3.614342656e-14 1.547943032e-12 0.0 1.1012617484e-13 1.41346776e-11 0.0 
4.375 3.70395956e-14 1.519072368e-12 0.0 9.398688408e-14 9.01983616e-12 0.0 
4.625 3.67623848e-14 1.418570948e-12 0.0 9.69914936e-14 5.310406e-12 0.0 
4.875 3.641824352e-14 1.241988324e-12 0.0 8.815882568e-14 2.97854136e-12 0.0 
5.125 3.156124832e-14 1.146606016e-12 0.0 7.749821308e-14 1.813814928e-12 0.0 
5.375 3.042009888e-14 1.028049064e-12 0.0 7.346732956e-14 1.351128828e-12 0.0 
5.625 3.444487132e-14 9.54048032e-13 0.0 6.380565472e-14 1.117754936e-12 0.0 
5.875 3.29545214e-14 8.45863268e-13 0.0 5.262470556e-14 9.27801492e-13 0.0 
6.125 3.070812632e-14 7.357492724e-13 0.0 5.37604586e-14 8.08535908e-13 0.0 
6.375 3.008268772e-14 6.91801048e-13 0.0 4.59732784e-14 7.40465736e-13 0.0 
6.625 3.0854612e-14 6.490950852e-13 0.0 4.900748364e-14 6.98240424e-13 0.0 
6.875 2.860322752e-14 6.255745636e-13 0.0 4.602144272e-14 6.32198656e-13 0.0 
7.125 2.68635328e-14 5.527577532e-13 0.0 3.538947412e-14 5.75103372e-13 0.0 
7.375 2.814238276e-14 5.275004064e-13 0.0 4.107259e-14 5.61169948e-13 0.0 
7.625 2.35777506e-14 4.669929188e-13 0.0 3.121369804e-14 5.1056522e-13 0.0 
7.875 2.516072636e-14 4.350220264e-13 0.0 3.08525066e-14 4.5689584e-13 0.0 
8.125 2.434391956e-14 4.075244392e-13 0.0 3.010844096e-14 4.77605132e-13 0.0 
8.375 2.525740608e-14 4.089969036e-13 0.0 3.30040536e-14 4.64046892e-13 0.0 
8.625 2.235671576e-14 3.96015372e-13 0.0 3.252545724e-14 4.2069542e-13 0.0 
8.875 2.421322676e-14 3.613379124e-13 0.0 2.561971068e-14 3.877035212e-13 0.0 
9.125 2.049244076e-14 3.174173072e-13 0.0 2.445818024e-14 3.59281254e-13 0.0 
9.375 2.154582364e-14 3.205011412e-13 0.0 2.380657876e-14 3.751596356e-13 0.0 
9.625 1.959910884e-14 2.92353206e-13 0.0 2.357180728e-14 3.7594896e-13 0.0 
9.875 1.955298764e-14 2.883527604e-13 0.0 2.087248008e-14 3.343117524e-13 0.0 
10.125 2.026755548e-14 2.4533038e-13 0.0 2.03227214e-14 3.345100828e-13 0.0 
10.375 1.74565084e-14 2.472060216e-13 0.0 1.758774604e-14 2.93907676e-13 0.0 
10.625 1.605208012e-14 2.567294436e-13 0.0 1.977765932e-14 2.91627716e-13 0.0 
10.875 1.636238904e-14 2.446752096e-13 0.0 1.677293332e-14 2.943583488e-13 0.0 
11.125 1.892193536e-14 2.358366884e-13 0.0 1.641556352e-14 2.626447164e-13 0.0 
11.375 1.598639572e-14 2.115832792e-13 0.0 1.543086208e-14 2.835553688e-13 0.0 
11.625 1.458920712e-14 2.19867536e-13 0.0 1.651701888e-14 2.886594468e-13 0.0 
11.875 1.2689991e-14 2.172741288e-13 0.0 1.378560332e-14 2.653973624e-13 0.0 
12.125 1.717674084e-14 1.799036812e-13 0.0 1.32953646e-14 2.39316148e-13 0.0 
12.375 1.475032412e-14 1.914523816e-13 0.0 1.132543452e-14 2.228479528e-13 0.0 
12.625 1.282884048e-14 1.877356672e-13 0.0 1.12029216e-14 2.34447464e-13 0.0 
12.875 1.228085868e-14 1.74623188e-13 0.0 1.221379376e-14 2.241596048e-13 0.0 
13.125 1.380319648e-14 1.887917872e-13 0.0 1.2110889e-14 2.054456492e-13 0.0 
13.375 1.079588888e-14 1.602674876e-13 0.0 9.54184136e-15 1.932741164e-13 0.0 
13.625 1.105603708e-14 2.054144688e-13 0.0 9.70539728e-15 1.932873364e-13 0.0 
13.875 1.15337956e-14 1.709023376e-13 0.0 1.099767732e-14 1.879568696e-13 0.0 
14.125 9.52576976e-15 1.510610284e-13 0.0 9.77286388e-15 1.813306848e-13 0.0 
14.375 1.062499084e-14 1.58423178e-13 0.0 7.68018436e-15 1.8480971e-13 0.0 
14.625 9.043365e-15 1.371175624e-13 0.0 7.16720364e-15 1.69801634e-13 0.0 
14.875 1.074960924e-14 1.687996252e-13 0.0 7.24497716e-15 1.766911364e-13 0.0 
15.125 8.4164812e-15 1.3796512e-13 0.0 7.911722e-15 1.593412692e-13 0.0 
15.375 8.21110476e-15 1.2355416496e-13 0.0 6.85084904e-15 1.487011276e-13 0.0 
15.625 7.5743808e-15 1.314145616e-13 0.0 7.8974328e-15 1.402055852e-13 0.0 
15.875 7.1154016e-15 1.0552829148e-13 0.0 5.90188576e-15 1.338920056e-13 0.0 
16.125 9.3742448e-15 1.18620363e-13 0.0 7.7730996e-15 1.299424228e-13 0.0 
16.375 5.5544808e-15 1.241490496e-13 0.0 5.6674856e-15 1.131793028e-13 0.0 
16.625 7.8498916e-15 1.163793152e-13 0.0 5.3772936e-15 1.033120008e-13 0.0 
16.875 7.321728e-15 1.14672466e-13 0.0 3.6529568e-15 1.055354036e-13 0.0 
17.125 7.2976272e-15 1.107584136e-13 0.0 5.386086e-15 9.20712916e-14 0.0 
17.375 6.9070856e-15 1.039241756e-13 0.0 4.63388e-15 9.2003316e-14 0.0 
17.625 5.6808592e-15 1.069418152e-13 0.0 3.8368624e-15 8.7321784e-14 0.0 
17.875 5.4179448e-15 1.13901146e-13 0.0 4.7578052e-15 8.82363416e-14 0.0 
18.125 7.0659252e-15 1.012746764e-13 0.0 3.6726012e-15 8.09086928e-14 0.0 
18.375 5.1191036e-15 8.33370256e-14 0.0 4.4451956e-15 7.56674888e-14 0.0 
18.625 4.5587888e-15 8.22984336e-14 0.0 3.6163684e-15 6.56230796e-14 0.0 
18.875 5.7105204e-15 7.94599632e-14 0.0 3.1086476e-15 5.596246e-14 0.0 
19.125 5.8849268e-15 9.165399e-14 0.0 3.7436892e-15 5.37042168e-14 0.0 
19.375 5.122328e-15 8.21510528e-14 0.0 3.8733292e-15 6.7143638e-14 0.0 
19.625 4.1360752e-15 8.33828088e-14 0.0 4.1170252e-15 5.71212364e-14 0.0 
19.875 4.997642e-15 5.971131e-14 0.0 6.0557904e-15 4.94888928e-14 0.0 
20.125 3.881634e-15 6.47516084e-14 0.0 4.1378096e-15 5.49321124e-14 0.0 
20.375 4.813484e-15 7.57965772e-14 0.0 1.9001252e-15 4.44003148e-14 0.0 
20.625 5.147554e-15 7.76197736e-14 0.0 3.3600928e-15 4.43425992e-14 0.0 
20.875 3.513638e-15 7.17681688e-14 0.0 2.955708e-15 4.64503392e-14 0.0 
21.125 3.9124232e-15 6.78688836e-14 0.0 1.9951112e-15 3.91220764e-14 0.0 
21.375 3.0995192e-15 6.02128388e-14 0.0 2.6696084e-15 4.18088564e-14 0.0 
21.625 2.9499932e-15 6.86545388e-14 0.0 1.323154e-15 4.04162552e-14 0.0 
21.875 3.4531268e-15 8.20010204e-14 0.0 1.8145892e-15 3.43933852e-14 0.0 
22.125 2.692936e-15 6.56593096e-14 0.0 1.2520596e-15 3.67666104e-14 0.0 
22.375 3.7505012e-15 5.21779588e-14 0.0 2.1367832e-15 3.51455812e-14 0.0 
22.625 2.3004064e-15 6.12065548e-14 0.0 2.3683572e-15 4.0394742e-14 0.0 
22.875 1.919744e-15 5.28739652e-14 0.0 2.0270708e-15 3.1991702e-14 0.0 
23.125 2.8034008e-15 5.11733592e-14 0.0 1.68309e-15 3.56343392e-14 0.0 
23.375 2.2019272e-15 6.2468676e-14 0.0 2.1250648e-15 3.97545016e-14 0.0 
23.625 3.1920776e-15 4.72123412e-14 0.0 1.4661868e-15 3.7697958e-14 0.0 
23.875 3.1773388e-15 5.267257e-14 0.0 2.0883196e-15 2.63591348e-14 0.0 
24.125 5.6463248e-15 4.39936972e-14 0.0 2.0734676e-15 2.63853156e-14 0.0 
24.375 1.6344412e-15 5.0577452e-14 0.0 2.280018e-15 3.06451356e-14 0.0 
24.625 1.9778516e-15 4.74070828e-14 0.0 1.4635196e-15 2.31224692e-14 0.0 
24.875 2.0719484e-15 4.72605996e-14 0.0 1.297834e-15 2.26576536e-14 0.0 
25.125 1.8800884e-15 3.65793788e-14 0.0 2.0190544e-15 2.98991616e-14 0.0 
25.375 1.7229652e-15 5.31963516e-14 0.0 1.0701236e-15 2.12382032e-14 0.0 
25.625 1.1857476e-15 5.17834996e-14 0.0 9.260064e-16 2.86595684e-14 0.0 
25.875 2.3531588e-15 3.74714792e-14 0.0 2.326606e-15 3.20515148e-14 0.0 
26.125 1.4566308e-15 4.3721446e-14 0.0 1.041164e-16 2.60490244e-14 0.0 
26.375 1.9023512e-15 3.73016768e-14 0.0 1.2524788e-15 1.8830192e-14 0.0 
26.625 1.263396e-15 4.77819532e-14 0.0 1.0962224e-15 1.91908072e-14 0.0 
26.875 1.6111764e-15 3.26419984e-14 0.0 1.0658544e-15 1.83139904e-14 0.0 
27.125 2.3933284e-15 3.14586044e-14 0.0 1.2336784e-15 2.00199408e-14 0.0 
27.375 1.6017008e-15 4.46349432e-14 0.0 7.135788e-16 2.41675744e-14 0.0 
27.625 1.2900764e-15 3.4434716e-14 0.0 1.0099608e-15 1.69191772e-14 0.0 
27.875 1.3776584e-15 3.08092448e-14 0.0 6.076172e-16 1.57121596e-14 0.0 
28.125 4.410572e-16 3.08249732e-14 0.0 1.1250488e-15 2.32879964e-14 0.0 
28.375 1.3833308e-15 2.97894304e-14 0.0 6.59736e-16 1.52432248e-14 0.0 
28.625 5.680144e-16 3.16237532e-14 0.0 6.575896e-16 1.43952816e-14 0.0 
28.875 8.808972e-16 2.80858304e-14 0.0 2.412992e-16 1.28536304e-14 0.0 
29.125 6.991204e-16 2.9116034e-14 0.0 5.120936e-16 1.34263908e-14 0.0 
29.375 1.7808104e-15 3.27498824e-14 0.0 5.835028e-16 2.14495352e-14 0.0 
29.625 2.382402e-15 2.83117852e-14 0.0 1.961276e-16 1.24524388e-14 0.0 
29.875 9.322408e-16 3.47781544e-14 0.0 1.592068e-16 2.06336556e-14 0.0 
30.125 1.8507348e-15 2.35332892e-14 0.0 8.252436e-16 1.22714776e-14 0.0 
30.375 1.0216092e-15 2.9604696e-14 0.0 1.0840712e-15 1.83415992e-14 0.0 
30.625 1.0001228e-15 2.26577408e-14 0.0 0.0 1.20372324e-14 0.0 
30.875 2.343096e-16 2.70236832e-14 0.0 1.1393408e-15 1.1325732e-14 0.0 
31.125 5.845716e-16 2.46817284e-14 0.0 9.695516e-16 8.8725416e-15 0.0 
31.375 0.0 2.20245376e-14 0.0 2.862916e-16 1.15479092e-14 0.0 
31.625 6.68314e-16 2.22371604e-14 0.0 8.400272e-16 9.4518012e-15 0.0 
31.875 3.206044e-16 3.1914914e-14 0.0 0.0 8.3202372e-15 0.0 
32.125 5.894016e-16 2.26729416e-14 0.0 3.08738e-16 8.003786e-15 0.0 
32.375 1.4001932e-15 2.11952788e-14 0.0 6.122028e-16 7.8978408e-15 0.0 
32.625 1.0893964e-15 2.11389712e-14 0.0 4.13052e-16 1.68105392e-14 0.0 
32.875 7.656768e-16 2.31032284e-14 0.0 5.507204e-16 7.0838668e-15 0.0 
33.125 8.494088e-16 2.17552052e-14 0.0 8.837792e-16 7.185704e-15 0.0 
33.375 2.619676e-16 2.2109126e-14 0.0 0.0 6.9393144e-15 0.0 
33.625 3.30836e-16 2.00729328e-14 0.0 0.0 7.8674376e-15 0.0 
33.875 1.205364e-15 2.36658116e-14 0.0 0.0 7.8243296e-15 0.0 
34.125 4.702256e-16 2.018893e-14 0.0 6.742872e-16 6.0365812e-15 0.0 
34.375 9.462652e-16 2.12716904e-14 0.0 0.0 6.3936928e-15 0.0 
34.625 8.100732e-16 2.02935552e-14 0.0 0.0 7.199408e-15 0.0 
34.875 7.004316e-16 1.8588626e-14 0.0 4.350828e-16 6.3029024e-15 0.0 
35.125 7.777832e-16 1.61369124e-14 0.0 0.0 4.2099176e-15 0.0 
35.375 0.0 1.98198688e-14 0.0 6.068016e-16 3.9245288e-15 0.0 
35.625 2.389068e-16 1.59408872e-14 0.0 0.0 5.3687224e-15 0.0 
35.875 2.114412e-16 1.5287068e-14 0.0 6.362548e-16 3.8623352e-15 0.0 
36.125 6.121108e-16 1.60213868e-14 0.0 2.92016e-16 4.7856176e-15 0.0 
36.375 3.243112e-16 1.5890488e-14 0.0 3.57084e-16 5.2317964e-15 0.0 
36.625 3.083776e-16 2.73967624e-14 0.0 5.098964e-16 4.5790612e-15 0.0 
36.875 0.0 1.40946288e-14 0.0 4.704076e-16 4.2684992e-15 0.0 
37.125 3.825532e-16 1.67617524e-14 0.0 5.89414e-16 4.4521972e-15 0.0 
37.375 2.804288e-16 1.5252722e-14 0.0 0.0 2.7543476e-15 0.0 
37.625 7.884004e-16 1.64169144e-14 0.0 0.0 3.8601036e-15 0.0 
37.875 0.0 1.64126316e-14 0.0 0.0 3.3216824e-15 0.0 
38.125 0.0 1.27031016e-14 0.0 0.0 5.1584556e-15 0.0 
38.375 3.023572e-16 1.34640172e-14 0.0 0.0 2.6105888e-15 0.0 
38.625 0.0 1.26267868e-14 0.0 0.0 3.4624968e-15 0.0 
38.875 2.615928e-16 9.4817696e-15 0.0 3.409148e-16 2.6794744e-15 0.0 
39.125 9.373544e-16 1.04469708e-14 0.0 3.17082e-16 2.5050684e-15 0.0 
39.375 1.0295644e-15 1.40408648e-14 0.0 0.0 5.076228e-15 0.0 
39.625 3.475032e-16 1.32841108e-14 0.0 2.991708e-16 2.5702224e-15 0.0 
39.875 0.0 1.04202632e-14 0.0 0.0 2.6045676e-15 0.0 
40.125 0.0 8.5586552e-15 0.0 0.0 5.710482e-15 0.0 
40.375 3.179844e-16 1.02293104e-14 0.0 3.404936e-16 1.3330452e-15 0.0 
40.625 0.0 8.9996236e-15 0.0 3.135612e-16 3.3778944e-15 0.0 
40.875 3.70254e-16 8.8910408e-15 0.0 0.0 2.74291e-15 0.0 
41.125 0.0 1.19964796e-14 0.0 0.0 1.8452152e-15 0.0 
41.375 0.0 1.24152992e-14 0.0 0.0 2.10633e-15 0.0 
41.625 0.0 9.2161256e-15 0.0 3.33394e-16 2.3643724e-15 0.0 
41.875 7.580244e-16 1.0053362e-14 0.0 0.0 2.6309308e-15 0.0 
42.125 1.0502e-15 8.9625412e-15 0.0 0.0 1.208106e-15 0.0 
42.375 0.0 9.0684316e-15 0.0 0.0 1.9610832e-15 0.0 
42.625 0.0 8.6750536e-15 0.0 0.0 2.484504e-16 0.0 
42.875 0.0 6.5229708e-15 0.0 0.0 1.2536716e-15 0.0 
43.125 0.0 7.6105016e-15 0.0 0.0 1.82132932e-14 0.0 
43.375 3.03122e-16 5.9081608e-15 0.0 0.0 1.0281416e-15 0.0 
43.625 0.0 7.9971652e-15 0.0 0.0 2.5948276e-15 0.0 
43.875 4.4494e-16 8.1376408e-15 0.0 0.0 2.62198e-16 0.0 
44.125 3.734824e-16 6.3793552e-15 0.0 0.0 1.5945444e-15 0.0 
44.375 0.0 8.3313984e-15 0.0 0.0 1.3449036e-15 0.0 
44.625 0.0 5.4329088e-15 0.0 0.0 1.3573268e-15 0.0 
44.875 0.0 8.7907196e-15 0.0 0.0 1.1003748e-15 0.0 
45.125 0.0 6.1119068e-15 0.0 0.0 1.387764e-15 0.0 
45.375 0.0 8.7102384e-15 0.0 0.0 1.4017148e-15 0.0 
45.625 4.08176e-16 6.2492332e-15 0.0 0.0 1.137998e-15 0.0 
45.875 0.0 5.4559936e-15 0.0 0.0 1.1515284e-15 0.0 
46.125 0.0 6.9667472e-15 0.0 0.0 1.7428188e-15 0.0 
46.375 0.0 7.6267352e-15 0.0 0.0 1.1747236e-15 0.0 
46.625 3.42088e-16 4.4443052e-15 0.0 0.0 2.0794304e-15 0.0 
46.875 4.04244e-16 3.9002924e-15 0.0 0.0 8.973348e-16 0.0 
47.125 0.0 5.7617792e-15 0.0 0.0 9.079332e-16 0.0 
47.375 0.0 4.5950104e-15 0.0 0.0 3.068256e-16 0.0 
47.625 0.0 6.187114e-15 0.0 0.0 6.181172e-16 0.0 
47.875 4.06064e-16 5.9404008e-15 0.0 0.0 6.279516e-16 0.0 
48.125 0.0 4.4247144e-15 0.0 0.0 6.293124e-16 0.0 
48.375 0.0 6.3832104e-15 0.0 0.0 6.390412e-16 0.0 
48.625 0.0 3.8766324e-15 0.0 0.0 0.0 0.0 
48.875 0.0 6.5260724e-15 0.0 0.0 9.778572e-16 0.0 
49.125 0.0 6.9100892e-15 0.0 0.0 3.279372e-16 0.0 
49.375 0.0 5.6483812e-15 0.0 0.0 0.0 0.0 
49.625 0.0 2.6865052e-15 0.0 0.0 3.34434e-16 0.0 
49.875 0.0 4.0715308e-15 0.0 0.0 0.0 0.0 
50.125 0.0 5.1416944e-15 0.0 0.0 0.0 0.0 
50.375 8.21776e-16 6.5822656e-15 0.0 0.0 0.0 0.0 
50.625 0.0 4.5486284e-15 0.0 0.0 3.510864e-16 0.0 
50.875 0.0 3.1822272e-15 0.0 0.0 7.08146e-16 0.0 
51.125 0.0 4.2835232e-15 0.0 0.0 7.153568e-16 0.0 
51.375 0.0 4.3226528e-15 0.0 0.0 0.0 0.0 
51.625 0.0 2.9084084e-15 0.0 0.0 3.646528e-16 0.0 
51.875 0.0 2.9396508e-15 0.0 0.0 1.1019348e-15 0.0 
52.125 0.0 1.8537784e-15 0.0 0.0 0.0 0.0 
52.375 0.0 3.7452872e-15 0.0 0.0 3.759256e-16 0.0 
52.625 0.0 3.3972636e-15 0.0 0.0 7.557396e-16 0.0 
52.875 0.0 3.431316e-15 0.0 0.0 0.0 0.0 
53.125 0.0 5.7847468e-15 0.0 0.0 1.538142e-15 0.0 
53.375 0.0 4.6677248e-15 0.0 0.0 0.0 0.0 
53.625 0.0 4.309004e-15 0.0 0.0 3.928472e-16 0.0 
53.875 0.0 2.7723168e-15 0.0 0.0 1.5875288e-15 0.0 
54.125 0.0 3.2008724e-15 0.0 0.0 0.0 0.0 
54.375 0.0 1.610604e-15 0.0 0.0 4.05e-16 0.0 
54.625 0.0 3.667056e-15 0.0 0.0 0.0 0.0 
54.875 0.0 2.054484e-15 0.0 0.0 0.0 0.0 
55.125 0.0 2.072664e-15 0.0 0.0 4.14292e-16 0.0 
55.375 0.0 1.672216e-15 0.0 0.0 0.0 0.0 
55.625 0.0 1.688196e-15 0.0 0.0 4.20748e-16 0.0 
55.875 0.0 1.701472e-15 0.0 0.0 4.27512e-16 0.0 
56.125 0.0 3.009468e-15 0.0 5.9282e-16 8.57292e-16 0.0 
56.375 0.0 3.038588e-15 0.0 0.0 1.299436e-15 0.0 
56.625 0.0 2.621988e-15 0.0 0.0 0.0 0.0 
56.875 0.0 1.76348e-15 0.0 0.0 0.0 0.0 
57.125 0.0 1.777212e-15 0.0 0.0 0.0 0.0 
57.375 0.0 4.939648e-15 0.0 0.0 0.0 0.0 
57.625 0.0 1.360288e-15 0.0 6.12412e-16 0.0 0.0 
57.875 0.0 2.739232e-15 0.0 0.0 4.55408e-16 0.0 
58.125 0.0 3.690568e-15 0.0 0.0 0.0 0.0 
58.375 0.0 2.790112e-15 0.0 0.0 0.0 0.0 
58.625 0.0 1.876756e-15 0.0 0.0 0.0 0.0 
58.875 0.0 1.417648e-15 0.0 0.0 0.0 0.0 
59.125 0.0 9.55136e-16 0.0 0.0 0.0 0.0 
59.375 0.0 2.400824e-15 0.0 0.0 0.0 0.0 
59.625 0.0 1.45372e-15 0.0 0.0 9.72092e-16 0.0 
59.875 0.0 4.90664e-16 0.0 0.0 0.0 0.0 
60.125 0.0 9.86752e-16 0.0 0.0 0.0 0.0 
60.375 0.0 1.490472e-15 0.0 0.0 0.0 0.0 
60.625 0.0 0.0 0.0 0.0 0.0 0.0 
60.875 0.0 1.516644e-15 0.0 0.0 5.07644e-16 0.0 
61.125 0.0 2.547416e-15 0.0 0.0 0.0 0.0 
61.375 0.0 2.059648e-15 0.0 0.0 5.1364e-16 0.0 
61.625 0.0 1.55444e-15 0.0 0.0 0.0 0.0 
61.875 0.0 0.0 0.0 0.0 0.0 0.0 
62.125 0.0 1.052016e-15 0.0 0.0 0.0 0.0 
62.375 0.0 5.31792e-16 0.0 0.0 0.0 0.0 
62.625 0.0 2.143796e-15 0.0 0.0 0.0 0.0 
62.875 0.0 0.0 0.0 0.0 5.39536e-16 0.0 
63.125 0.0 1.63468e-15 0.0 0.0 0.0 0.0 
63.375 0.0 5.48044e-16 0.0 0.0 0.0 0.0 
63.625 0.0 2.207856e-15 0.0 0.0 0.0 0.0 
63.875 0.0 2.228596e-15 0.0 0.0 0.0 0.0 
64.125 0.0 5.59436e-16 0.0 0.0 0.0 0.0 
64.375 0.0 5.65496e-16 0.0 0.0 0.0 0.0 
64.625 0.0 1.708528e-15 0.0 0.0 0.0 0.0 
64.875 0.0 1.722012e-15 0.0 0.0 0.0 0.0 
65.125 0.0 1.735824e-15 0.0 0.0 0.0 0.0 
65.375 0.0 1.166832e-15 0.0 0.0 0.0 0.0 
65.625 0.0 0.0 0.0 0.0 5.85876e-16 0.0 
65.875 0.0 1.18776e-15 0.0 0.0 0.0 0.0 
66.125 0.0 0.0 0.0 0.0 0.0 0.0 
66.375 0.0 1.20448e-15 0.0 0.0 0.0 0.0 
66.625 0.0 1.211472e-15 0.0 0.0 0.0 0.0 
66.875 0.0 1.83448e-15 0.0 0.0 0.0 0.0 
67.125 0.0 0.0 0.0 0.0 0.0 0.0 
67.375 0.0 6.18488e-16 0.0 0.0 0.0 0.0 
67.625 0.0 1.249768e-15 0.0 0.0 0.0 0.0 
67.875 0.0 6.26888e-16 0.0 0.0 0.0 0.0 
68.125 0.0 1.268644e-15 0.0 0.0 0.0 0.0 
68.375 0.0 0.0 0.0 0.0 0.0 0.0 
68.625 0.0 6.43392e-16 0.0 0.0 0.0 0.0 
68.875 0.0 6.48624e-16 0.0 0.0 0.0 0.0 
69.125 0.0 6.53208e-16 0.0 0.0 0.0 0.0 
69.375 0.0 0.0 0.0 0.0 0.0 0.0 
69.625 0.0 6.6024e-16 0.0 0.0 0.0 0.0 
69.875 0.0 1.335856e-15 0.0 0.0 0.0 0.0 
70.125 0.0 6.72232e-16 0.0 0.0 0.0 0.0 
70.375 0.0 0.0 0.0 0.0 0.0 0.0 
70.625 0.0 6.80172e-16 0.0 0.0 0.0 0.0 
70.875 0.0 0.0 0.0 0.0 0.0 0.0 
71.125 0.0 6.88004e-16 0.0 0.0 0.0 0.0 
71.375 0.0 0.0 0.0 0.0 0.0 0.0 
71.625 0.0 7.02452e-16 0.0 0.0 0.0 0.0 
71.875 0.0 1.413552e-15 0.0 0.0 0.0 0.0 
72.125 0.0 7.09204e-16 0.0 0.0 0.0 0.0 
72.375 0.0 0.0 0.0 0.0 0.0 0.0 
72.625 0.0 7.20008e-16 0.0 0.0 0.0 0.0 
72.875 0.0 7.22472e-16 0.0 0.0 0.0 0.0 
73.125 0.0 0.0 0.0 0.0 0.0 0.0 
73.375 0.0 0.0 0.0 0.0 0.0 0.0 
73.625 0.0 0.0 0.0 0.0 0.0 0.0 
73.875 0.0 7.42312e-16 0.0 0.0 0.0 0.0 
74.125 0.0 0.0 0.0 0.0 0.0 0.0 
74.375 0.0 1.507564e-15 0.0 0.0 0.0 0.0 
74.625 0.0 1.521452e-15 0.0 0.0 0.0 0.0 
74.875 0.0 2.294524e-15 0.0 0.0 0.0 0.0 
75.125 0.0 0.0 0.0 0.0 0.0 0.0 
75.375 0.0 7.7688e-16 0.0 0.0 0.0 0.0 
75.625 0.0 0.0 0.0 0.0 0.0 0.0 
75.875 0.0 7.85312e-16 0.0 0.0 0.0 0.0 
76.125 0.0 0.0 0.0 0.0 0.0 0.0 
76.375 0.0 0.0 0.0 0.0 0.0 0.0 
76.625 0.0 0.0 0.0 0.0 0.0 0.0 
76.875 0.0 0.0 0.0 0.0 0.0 0.0 
77.125 0.0 0.0 0.0 0.0 0.0 0.0 
77.375 0.0 0.0 0.0 0.0 0.0 0.0 
77.625 0.0 0.0 0.0 0.0 0.0 0.0 
77.875 0.0 8.30004e-16 0.0 0.0 0.0 0.0 
78.125 0.0 0.0 0.0 0.0 0.0 0.0 
78.375 0.0 1.680736e-15 0.0 0.0 0.0 0.0 
78.625 0.0 0.0 0.0 0.0 0.0 0.0 
78.875 0.0 0.0 0.0 0.0 0.0 0.0 
79.125 0.0 0.0 0.0 0.0 0.0 0.0 
79.375 0.0 0.0 0.0 0.0 0.0 0.0 
79.625 0.0 0.0 0.0 0.0 0.0 0.0 
79.875 0.0 0.0 0.0 0.0 0.0 0.0 
80.125 0.0 0.0 0.0 0.0 0.0 0.0 
80.375 0.0 0.0 0.0 0.0 0.0 0.0 
80.625 0.0 0.0 0.0 0.0 0.0 0.0 
80.875 0.0 8.91728e-16 0.0 0.0 0.0 0.0 
81.125 0.0 0.0 0.0 0.0 0.0 0.0 
81.375 0.0 0.0 0.0 0.0 0.0 0.0 
81.625 0.0 0.0 0.0 0.0 0.0 0.0 
81.875 0.0 0.0 0.0 0.0 0.0 0.0 
82.125 0.0 0.0 0.0 0.0 0.0 0.0 
82.375 0.0 9.24136e-16 0.0 0.0 0.0 0.0 
82.625 0.0 9.31728e-16 0.0 0.0 0.0 0.0 
82.875 0.0 0.0 0.0 0.0 0.0 0.0 
83.125 0.0 0.0 0.0 0.0 0.0 0.0 
83.375 0.0 0.0 0.0 0.0 0.0 0.0 
83.625 0.0 9.55624e-16 0.0 0.0 0.0 0.0 
83.875 0.0 9.58276e-16 0.0 0.0 0.0 0.0 
84.125 0.0 0.0 0.0 0.0 0.0 0.0 
84.375 0.0 0.0 0.0 0.0 0.0 0.0 
84.625 0.0 0.0 0.0 0.0 0.0 0.0 
84.875 0.0 0.0 0.0 0.0 0.0 0.0 
85.125 0.0 0.0 0.0 0.0 0.0 0.0 
85.375 0.0 0.0 0.0 0.0 0.0 0.0 
85.625 0.0 0.0 0.0 0.0 0.0 0.0 
85.875 0.0 1.006984e-15 0.0 0.0 0.0 0.0 
86.125 0.0 0.0 0.0 0.0 0.0 0.0 
86.375 0.0 0.0 0.0 0.0 0.0 0.0 
86.625 0.0 0.0 0.0 0.0 0.0 0.0 
86.875 0.0 0.0 0.0 0.0 0.0 0.0 
87.125 0.0 0.0 0.0 0.0 0.0 0.0 
87.375 0.0 0.0 0.0 0.0 0.0 0.0 
87.625 0.0 0.0 0.0 0.0 0.0 0.0 
87.875 0.0 0.0 0.0 0.0 0.0 0.0 
88.125 0.0 1.060204e-15 0.0 0.0 0.0 0.0 
88.375 0.0 0.0 0.0 0.0 0.0 0.0 
88.625 0.0 0.0 0.0 0.0 0.0 0.0 
88.875 0.0 0.0 0.0 0.0 0.0 0.0 
89.125 0.0 0.0 0.0 0.0 0.0 0.0 
89.375 0.0 0.0 0.0 0.0 0.0 0.0 
89.625 0.0 0.0 0.0 0.0 0.0 0.0 
89.875 0.0 0.0 0.0 0.0 0.0 0.0 
90.125 0.0 0.0 0.0 0.0 0.0 0.0 
90.375 0.0 0.0 0.0 0.0 0.0 0.0 
90.625 0.0 0.0 0.0 0.0 0.0 0.0 
90.875 0.0 1.130152e-15 0.0 0.0 0.0 0.0 
91.125 0.0 0.0 0.0 0.0 0.0 0.0 
91.375 0.0 0.0 0.0 0.0 0.0 0.0 
91.625 0.0 0.0 0.0 0.0 0.0 0.0 
91.875 0.0 0.0 0.0 0.0 0.0 0.0 
92.125 0.0 0.0 0.0 0.0 0.0 0.0 
92.375 0.0 0.0 0.0 0.0 0.0 0.0 
92.625 0.0 0.0 0.0 0.0 0.0 0.0 
92.875 0.0 0.0 0.0 0.0 0.0 0.0 
93.125 0.0 0.0 0.0 0.0 0.0 0.0 
93.375 0.0 0.0 0.0 0.0 0.0 0.0 
93.625 0.0 0.0 0.0 0.0 0.0 0.0 
93.875 0.0 0.0 0.0 0.0 0.0 0.0 
94.125 0.0 0.0 0.0 0.0 0.0 0.0 
94.375 0.0 0.0 0.0 0.0 0.0 0.0 
94.625 0.0 0.0 0.0 0.0 0.0 0.0 
94.875 0.0 0.0 0.0 0.0 0.0 0.0 
95.125 0.0 0.0 0.0 0.0 0.0 0.0 
95.375 0.0 0.0 0.0 0.0 0.0 0.0 
95.625 0.0 0.0 0.0 0.0 0.0 0.0 
95.875 0.0 0.0 0.0 0.0 0.0 0.0 
96.125 0.0 0.0 0.0 0.0 0.0 0.0 
96.375 0.0 0.0 0.0 0.0 0.0 0.0 
96.625 0.0 0.0 0.0 0.0 0.0 0.0 
96.875 0.0 0.0 0.0 0.0 0.0 0.0 
97.125 0.0 0.0 0.0 0.0 0.0 0.0 
97.375 0.0 0.0 0.0 0.0 0.0 0.0 
97.625 0.0 0.0 0.0 0.0 0.0 0.0 
97.875 0.0 0.0 0.0 0.0 0.0 0.0 
98.125 0.0 0.0 0.0 0.0 0.0 0.0 
98.375 0.0 0.0 0.0 0.0 0.0 0.0 
98.625 0.0 0.0 0.0 0.0 0.0 0.0 
98.875 0.0 0.0 0.0 0.0 0.0 0.0 
99.125 0.0 0.0 0.0 0.0 0.0 0.0 
99.375 0.0 0.0 0.0 0.0 0.0 0.0 
99.625 0.0 0.0 0.0 0.0 0.0 0.0 
99.875 0.0 0.0 0.0 0.0 0.0 0.0 
100.125 0.0 0.0 0.0 0.0 0.0 0.0 
100.375 0.0 0.0 0.0 0.0 0.0 0.0 
100.625 0.0 0.0 0.0 0.0 0.0 0.0 
100.875 0.0 0.0 0.0 0.0 0.0 0.0 
101.125 0.0 0.0 0.0 0.0 0.0 0.0 
101.375 0.0 0.0 0.0 0.0 0.0 0.0 
101.625 0.0 0.0 0.0 0.0 0.0 0.0 
101.875 0.0 0.0 0.0 0.0 0.0 0.0 
102.125 0.0 0.0 0.0 0.0 0.0 0.0 
102.375 0.0 0.0 0.0 0.0 0.0 0.0 
102.625 0.0 0.0 0.0 0.0 0.0 0.0 
102.875 0.0 0.0 0.0 0.0 0.0 0.0 
103.125 0.0 0.0 0.0 0.0 0.0 0.0 
103.375 0.0 0.0 0.0 0.0 0.0 0.0 
103.625 0.0 0.0 0.0 0.0 0.0 0.0 
103.875 0.0 0.0 0.0 0.0 0.0 0.0 
104.125 0.0 0.0 0.0 0.0 0.0 0.0 
104.375 0.0 0.0 0.0 0.0 0.0 0.0 
104.625 0.0 0.0 0.0 0.0 0.0 0.0 
104.875 0.0 0.0 0.0 0.0 0.0 0.0 
105.125 0.0 0.0 0.0 0.0 0.0 0.0 
105.375 0.0 0.0 0.0 0.0 0.0 0.0 
105.625 0.0 0.0 0.0 0.0 0.0 0.0 
105.875 0.0 0.0 0.0 0.0 0.0 0.0 
106.125 0.0 0.0 0.0 0.0 0.0 0.0 
106.375 0.0 0.0 0.0 0.0 0.0 0.0 
106.625 0.0 0.0 0.0 0.0 0.0 0.0 
106.875 0.0 0.0 0.0 0.0 0.0 0.0 
107.125 0.0 0.0 0.0 0.0 0.0 0.0 
107.375 0.0 0.0 0.0 0.0 0.0 0.0 
107.625 0.0 0.0 0.0 0.0 0.0 0.0 
107.875 0.0 0.0 0.0 0.0 0.0 0.0 
108.125 0.0 0.0 0.0 0.0 0.0 0.0 
108.375 0.0 0.0 0.0 0.0 0.0 0.0 
108.625 0.0 0.0 0.0 0.0 0.0 0.0 
108.875 0.0 0.0 0.0 0.0 0.0 0.0 
109.125 0.0 0.0 0.0 0.0 0.0 0.0 
109.375 0.0 0.0 0.0 0.0 0.0 0.0 
109.625 0.0 0.0 0.0 0.0 0.0 0.0 
109.875 0.0 0.0 0.0 0.0 0.0 0.0 
110.125 0.0 0.0 0.0 0.0 0.0 0.0 
110.375 0.0 0.0 0.0 0.0 0.0 0.0 
110.625 0.0 0.0 0.0 0.0 0.0 0.0 
110.875 0.0 0.0 0.0 0.0 0.0 0.0 
111.125 0.0 0.0 0.0 0.0 0.0 0.0 
111.375 0.0 0.0 0.0 0.0 0.0 0.0 
111.625 0.0 0.0 0.0 0.0 0.0 0.0 
111.875 0.0 0.0 0.0 0.0 0.0 0.0 
112.125 0.0 0.0 0.0 0.0 0.0 0.0 
112.375 0.0 0.0 0.0 0.0 0.0 0.0 
112.625 0.0 0.0 0.0 0.0 0.0 0.0 
112.875 0.0 0.0 0.0 0.0 0.0 0.0 
113.125 0.0 0.0 0.0 0.0 0.0 0.0 
113.375 0.0 0.0 0.0 0.0 0.0 0.0 
113.625 0.0 0.0 0.0 0.0 0.0 0.0 
113.875 0.0 0.0 0.0 0.0 0.0 0.0 
114.125 0.0 0.0 0.0 0.0 0.0 0.0 
114.375 0.0 0.0 0.0 0.0 0.0 0.0 
114.625 0.0 0.0 0.0 0.0 0.0 0.0 
114.875 0.0 0.0 0.0 0.0 0.0 0.0 
115.125 0.0 0.0 0.0 0.0 0.0 0.0 
115.375 0.0 0.0 0.0 0.0 0.0 0.0 
115.625 0.0 0.0 0.0 0.0 0.0 0.0 
115.875 0.0 0.0 0.0 0.0 0.0 0.0 
116.125 0.0 0.0 0.0 0.0 0.0 0.0 
116.375 0.0 0.0 0.0 0.0 0.0 0.0 
116.625 0.0 0.0 0.0 0.0 0.0 0.0 
116.875 0.0 0.0 0.0 0.0 0.0 0.0 
117.125 0.0 0.0 0.0 0.0 0.0 0.0 
117.375 0.0 0.0 0.0 0.0 0.0 0.0 
117.625 0.0 0.0 0.0 0.0 0.0 0.0 
117.875 0.0 0.0 0.0 0.0 0.0 0.0 
118.125 0.0 0.0 0.0 0.0 0.0 0.0 
118.375 0.0 0.0 0.0 0.0 0.0 0.0 
118.625 0.0 0.0 0.0 0.0 0.0 0.0 
118.875 0.0 0.0 0.0 0.0 0.0 0.0 
119.125 0.0 0.0 0.0 0.0 0.0 0.0 
119.375 0.0 0.0 0.0 0.0 0.0 0.0 
119.625 0.0 0.0 0.0 0.0 0.0 0.0 
119.875 0.0 0.0 0.0 0.0 0.0 0.0 
120.125 0.0 0.0 0.0 0.0 0.0 0.0 
120.375 0.0 0.0 0.0 0.0 0.0 0.0 
120.625 0.0 0.0 0.0 0.0 0.0 0.0 
120.875 0.0 0.0 0.0 0.0 0.0 0.0 
121.125 0.0 0.0 0.0 0.0 0.0 0.0 
121.375 0.0 0.0 0.0 0.0 0.0 0.0 
121.625 0.0 0.0 0.0 0.0 0.0 0.0 
121.875 0.0 0.0 0.0 0.0 0.0 0.0 
122.125 0.0 0.0 0.0 0.0 0.0 0.0 
122.375 0.0 0.0 0.0 0.0 0.0 0.0 
122.625 0.0 0.0 0.0 0.0 0.0 0.0 
122.875 0.0 0.0 0.0 0.0 0.0 0.0 
123.125 0.0 0.0 0.0 0.0 0.0 0.0 
123.375 0.0 0.0 0.0 0.0 0.0 0.0 
123.625 0.0 0.0 0.0 0.0 0.0 0.0 
123.875 0.0 0.0 0.0 0.0 0.0 0.0 
124.125 0.0 0.0 0.0 0.0 0.0 0.0 
124.375 0.0 0.0 0.0 0.0 0.0 0.0 
124.625 0.0 0.0 0.0 0.0 0.0 0.0 
124.875 0.0 0.0 0.0 0.0 0.0 0.0 
125.125 0.0 0.0 0.0 0.0 0.0 0.0 
