0.125 8.63460652e-07 4.22490612e-05 0.0 2.52257032e-07 2.04299668e-05 0.0 
0.375 1.977506208e-06 8.13440004e-05 0.0 2.91651588e-07 1.50109644e-05 0.0 
0.625 2.512257892e-06 0.00014766208 0.0 2.7452538e-07 1.48231908e-05 0.0 
0.875 2.68684388e-06 0.000208848132 0.0 2.920370992e-07 1.49416296e-05 0.0 
1.125 2.740658544e-06 0.000263587056 0.0 2.543675208e-07 1.74481628e-05 0.0 
1.375 2.461278976e-06 0.00028891766 0.0 2.499682184e-07 1.80839668e-05 0.0 
1.625 2.3238949e-06 0.00031426902 0.0 2.599210564e-07 1.74476976e-05 0.0 
1.875 2.125518272e-06 0.000350539584 0.0 2.518459312e-07 1.591288188e-05 0.0 
2.125 1.837917792e-06 0.000363615612 0.0 2.5128849e-07 1.413952312e-05 0.0 
2.375 1.990386724e-06 0.000362784824 0.0 2.809143272e-07 1.294651176e-05 0.0 
2.625 1.656277964e-06 0.000348870512 0.0 2.317912376e-07 1.11140652e-05 0.0 
2.875 1.51625194e-06 0.000312378388 0.0 2.299328248e-07 1.080949448e-05 0.0 
3.125 1.20041952e-06 0.000268218616 0.0 2.12477852e-07 1.018396272e-05 0.0 
3.375 1.211715164e-06 0.000219476824 0.0 2.111005048e-07 9.56173176e-06 0.0 
3.625 1.145306564e-06 0.00016411134 0.0 1.977430692e-07 9.2608738e-06 0.0 
3.875 1.067723788e-06 0.0001124784672 0.0 2.0189426292e-07 8.26240944e-06 0.0 
4.125 8.9785774e-07 6.82619984e-05 0.0 1.979119392e-07 7.58281824e-06 0.0 
4.375 7.95766072e-07 3.88195348e-05 0.0 2.1100991132e-07 6.402184e-06 0.0 
4.625 6.99937344e-07 2.15623612e-05 0.0 2.035882204e-07 5.49751144e-06 0.0 
4.875 6.903788816e-07 1.336335108e-05 0.0 1.813180556e-07 5.06413172e-06 0.0 
5.125 6.457898216e-07 1.007185064e-05 0.0 1.863612488e-07 4.329194588e-06 0.0 
5.375 5.738588292e-07 8.48200732e-06 0.0 1.640160192e-07 3.951458552e-06 0.0 
5.625 5.06002112e-07 7.29662696e-06 0.0 1.788436072e-07 3.471629044e-06 0.0 
5.875 5.584771144e-07 6.84083824e-06 0.0 1.64545402e-07 2.981076436e-06 0.0 
6.125 5.150890388e-07 6.14197828e-06 0.0 1.68576318e-07 2.880948768e-06 0.0 
6.375 4.209459716e-07 5.84203948e-06 0.0 1.573865868e-07 2.587286356e-06 0.0 
6.625 4.561487008e-07 5.69772536e-06 0.0 1.627840352e-07 2.532023068e-06 0.0 
6.875 3.847142292e-07 5.25280188e-06 0.0 1.427228524e-07 1.848172964e-06 0.0 
7.125 3.582882024e-07 5.1112658e-06 0.0 1.384900796e-07 1.939001844e-06 0.0 
7.375 3.30546236e-07 4.63837476e-06 0.0 1.62219254e-07 1.849056056e-06 0.0 
7.625 3.225297068e-07 4.60572772e-06 0.0 1.38208862e-07 1.6667056328e-06 0.0 
7.875 3.135729032e-07 4.47903908e-06 0.0 1.36606694e-07 1.523713816e-06 0.0 
8.125 2.822790064e-07 4.45574488e-06 0.0 1.17958678e-07 1.3303649148e-06 0.0 
8.375 3.045092652e-07 4.21113136e-06 0.0 1.357517284e-07 1.4359560836e-06 0.0 
8.625 2.93851922e-07 4.1880984e-06 0.0 1.05447046e-07 1.241366708e-06 0.0 
8.875 2.47917152e-07 4.15257968e-06 0.0 1.108482244e-07 1.3254106664e-06 0.0 
9.125 2.432937604e-07 3.8279936e-06 0.0 1.167936624e-07 1.091536474e-06 0.0 
9.375 2.199854808e-07 3.94174004e-06 0.0 1.06317774e-07 9.84097282e-07 0.0 
9.625 2.214837076e-07 3.6865778e-06 0.0 1.00233478e-07 9.70034858e-07 0.0 
9.875 2.002439268e-07 3.82274536e-06 0.0 9.96708504e-08 9.982051936e-07 0.0 
10.125 1.96431254e-07 3.66508216e-06 0.0 9.10565712e-08 9.177207796e-07 0.0 
10.375 1.875683324e-07 3.54005472e-06 0.0 7.91693752e-08 8.196558624e-07 0.0 
10.625 1.693088872e-07 3.51094492e-06 0.0 8.38712712e-08 8.247088364e-07 0.0 
10.875 1.542706024e-07 3.37696588e-06 0.0 8.1050352e-08 9.293591668e-07 0.0 
11.125 1.496768412e-07 3.31604276e-06 0.0 7.0228962e-08 7.508903128e-07 0.0 
11.375 1.432767044e-07 3.08000628e-06 0.0 7.12689712e-08 6.845098228e-07 0.0 
11.625 1.254499992e-07 3.10785028e-06 0.0 6.70697852e-08 8.289200808e-07 0.0 
11.875 1.322662052e-07 3.01321148e-06 0.0 6.40197548e-08 6.321203884e-07 0.0 
12.125 1.10617946e-07 3.01024944e-06 0.0 5.99770964e-08 6.859736432e-07 0.0 
12.375 1.069368408e-07 2.99466336e-06 0.0 6.1432914e-08 5.512516736e-07 0.0 
12.625 1.070234824e-07 2.86007864e-06 0.0 6.24152716e-08 5.81956862e-07 0.0 
12.875 9.45549828e-08 2.85298232e-06 0.0 4.88221564e-08 6.087134688e-07 0.0 
13.125 9.69065244e-08 2.692330928e-06 0.0 5.00273428e-08 5.435454296e-07 0.0 
13.375 8.7505752e-08 2.729208356e-06 0.0 4.90682724e-08 7.085318536e-07 0.0 
13.625 9.41889588e-08 2.407164368e-06 0.0 4.59218728e-08 6.376492276e-07 0.0 
13.875 8.15495672e-08 2.43766552e-06 0.0 4.12967672e-08 4.971765948e-07 0.0 
14.125 7.79089684e-08 2.32879296e-06 0.0 4.00831492e-08 4.725648536e-07 0.0 
14.375 7.86676104e-08 2.182009556e-06 0.0 4.1567084e-08 4.712907648e-07 0.0 
14.625 6.42237828e-08 1.9907969e-06 0.0 3.9211496e-08 4.919683104e-07 0.0 
14.875 7.00150844e-08 1.8930588e-06 0.0 3.64346448e-08 4.739368228e-07 0.0 
15.125 5.91040572e-08 1.737212232e-06 0.0 3.49345196e-08 3.624560908e-07 0.0 
15.375 5.23366884e-08 1.632167012e-06 0.0 3.50747912e-08 3.275505724e-07 0.0 
15.625 4.89742196e-08 1.487123016e-06 0.0 2.80318604e-08 3.379037444e-07 0.0 
15.875 5.17544156e-08 1.485993416e-06 0.0 3.59333248e-08 3.550905776e-07 0.0 
16.125 4.98067808e-08 1.207713068e-06 0.0 3.12238972e-08 2.96873822e-07 0.0 
16.375 3.84823024e-08 1.139121568e-06 0.0 2.1098126e-08 2.586660796e-07 0.0 
16.625 4.15093764e-08 1.13739358e-06 0.0 2.95014916e-08 4.15887954e-07 0.0 
16.875 4.13571572e-08 1.181225672e-06 0.0 2.31010592e-08 3.726700744e-07 0.0 
17.125 3.9311752e-08 9.78668256e-07 0.0 2.37748828e-08 2.918287428e-07 0.0 
17.375 3.05325916e-08 9.07757572e-07 0.0 2.53007512e-08 2.849889176e-07 0.0 
17.625 4.58225636e-08 9.254125424e-07 0.0 2.63190176e-08 3.863476096e-07 0.0 
17.875 3.2395892e-08 7.580568632e-07 0.0 2.19923988e-08 2.464331124e-07 0.0 
18.125 3.29958784e-08 7.861828544e-07 0.0 1.98545824e-08 2.542481236e-07 0.0 
18.375 2.48602136e-08 7.540400484e-07 0.0 2.17299576e-08 2.53875074e-07 0.0 
18.625 3.33763432e-08 7.289038068e-07 0.0 2.66793196e-08 3.194031636e-07 0.0 
18.875 2.44308248e-08 7.13061844e-07 0.0 1.91169356e-08 1.938444032e-07 0.0 
19.125 2.86381744e-08 6.25937994e-07 0.0 1.81598828e-08 2.27001336e-07 0.0 
19.375 3.17643644e-08 6.180245344e-07 0.0 1.5449848e-08 2.582219704e-07 0.0 
19.625 2.3899932e-08 6.168205804e-07 0.0 1.7593662e-08 2.735691084e-07 0.0 
19.875 2.6061748e-08 5.863266352e-07 0.0 1.59139992e-08 2.681054312e-07 0.0 
20.125 1.6909756e-08 6.6990772e-07 0.0 1.4005412e-08 1.44997196e-07 0.0 
20.375 1.97335e-08 6.112938136e-07 0.0 1.0338728e-08 1.963490268e-07 0.0 
20.625 2.7437696e-08 5.257100844e-07 0.0 7.9895416e-09 1.76614512e-07 0.0 
20.875 2.0216824e-08 6.523034416e-07 0.0 1.1243956e-08 1.966126604e-07 0.0 
21.125 1.940314e-08 4.974319576e-07 0.0 1.238478e-08 1.390091236e-07 0.0 
21.375 1.4408612e-08 5.719695572e-07 0.0 1.0954272e-08 1.192101168e-07 0.0 
21.625 2.0037308e-08 5.30029262e-07 0.0 9.91032e-09 2.011742996e-07 0.0 
21.875 1.921408e-08 5.70782162e-07 0.0 7.477168e-09 1.14425904e-07 0.0 
22.125 1.1821784e-08 4.857464344e-07 0.0 1.0878052e-08 1.106743276e-07 0.0 
22.375 1.3321272e-08 5.339324048e-07 0.0 1.8065612e-08 2.156780964e-07 0.0 
22.625 1.9088424e-08 4.126888564e-07 0.0 9.384228e-09 1.112134696e-07 0.0 
22.875 1.6312092e-08 4.320317224e-07 0.0 5.336284e-09 1.218582032e-07 0.0 
23.125 1.473964e-08 3.574880904e-07 0.0 7.299088e-09 1.619612028e-07 0.0 
23.375 9.618184e-09 3.858086824e-07 0.0 6.160492e-09 1.131037332e-07 0.0 
23.625 1.1363964e-08 3.767250956e-07 0.0 4.777524e-09 1.428409148e-07 0.0 
23.875 1.9572364e-08 3.64802076e-07 0.0 9.167928e-09 1.458122072e-07 0.0 
24.125 6.440364e-09 3.19534532e-07 0.0 2.257716e-09 9.3981076e-08 0.0 
24.375 1.1517824e-08 3.79537128e-07 0.0 3.909668e-09 1.19488944e-07 0.0 
24.625 9.97944e-09 2.92037632e-07 0.0 1.765196e-09 1.40878876e-07 0.0 
24.875 1.7776384e-08 2.81740296e-07 0.0 5.981224e-09 1.02655208e-07 0.0 
25.125 1.1622788e-08 3.46863824e-07 0.0 4.586076e-09 1.23440968e-07 0.0 
25.375 1.115388e-08 3.04954384e-07 0.0 4.419412e-09 9.0594824e-08 0.0 
25.625 3.240844e-09 3.23365288e-07 0.0 9.14004e-10 8.8070096e-08 0.0 
25.875 1.0216212e-08 2.97395984e-07 0.0 3.888336e-09 2.40663972e-07 0.0 
26.125 1.0129696e-08 2.70960436e-07 0.0 0.0 7.331216e-08 0.0 
26.375 5.507092e-09 2.58015476e-07 0.0 5.482556e-09 8.1025752e-08 0.0 
26.625 9.114668e-09 2.75123456e-07 0.0 9.914396e-09 1.24887524e-07 0.0 
26.875 1.3560716e-08 2.16263596e-07 0.0 5.619784e-09 6.7349992e-08 0.0 
27.125 1.6766628e-08 2.17484736e-07 0.0 4.971628e-09 8.0313208e-08 0.0 
27.375 2.084212e-09 2.32313496e-07 0.0 1.230416e-09 6.6031876e-08 0.0 
27.625 7.74292e-09 2.40082556e-07 0.0 7.702952e-09 5.6150144e-08 0.0 
27.875 1.1672188e-08 2.21432396e-07 0.0 2.920392e-09 6.5197812e-08 0.0 
28.125 7.614588e-09 2.17347604e-07 0.0 2.592252e-09 5.313448e-08 0.0 
28.375 9.584444e-09 2.08329172e-07 0.0 1.131648e-09 7.6462356e-08 0.0 
28.625 6.746416e-09 1.97849912e-07 0.0 8.96056e-10 5.715592e-08 0.0 
28.875 2.645152e-09 1.8248702e-07 0.0 3.314556e-09 1.26493844e-07 0.0 
29.125 1.570604e-09 1.80283444e-07 0.0 2.932192e-09 6.823984e-08 0.0 
29.375 3.622096e-09 1.7751028e-07 0.0 6.556316e-09 5.5669908e-08 0.0 
29.625 2.596392e-09 3.0552276e-07 0.0 1.447572e-09 5.0587644e-08 0.0 
29.875 2.972036e-09 1.82903812e-07 0.0 1.303524e-09 4.5817468e-08 0.0 
30.125 5.66522e-09 1.5805302e-07 0.0 0.0 4.5208136e-08 0.0 
30.375 0.0 1.3589772e-07 0.0 2.729552e-09 4.0791336e-08 0.0 
30.625 5.001112e-09 1.59463584e-07 0.0 1.096168e-09 5.0082176e-08 0.0 
30.875 3.14234e-09 1.361766e-07 0.0 2.645376e-09 5.3838872e-08 0.0 
31.125 2.983164e-09 1.25533188e-07 0.0 0.0 5.413654e-08 0.0 
31.375 2.69742e-09 1.33206168e-07 0.0 4.791008e-09 1.27437076e-07 0.0 
31.625 3.69382e-09 1.26749084e-07 0.0 5.237032e-09 3.5684516e-08 0.0 
31.875 4.885864e-09 1.08740912e-07 0.0 1.020104e-09 3.5251632e-08 0.0 
32.125 1.0814944e-08 1.85631228e-07 0.0 1.500124e-09 3.5580912e-08 0.0 
32.375 3.156784e-09 1.18968712e-07 0.0 0.0 4.2505028e-08 0.0 
32.625 1.600688e-09 1.0269542e-07 0.0 4.66632e-09 3.9615128e-08 0.0 
32.875 5.47392e-09 1.219193e-07 0.0 2.355084e-09 2.8555104e-08 0.0 
33.125 1.29278e-09 1.03241904e-07 0.0 1.852872e-09 3.7907404e-08 0.0 
33.375 1.417648e-09 9.0869756e-08 0.0 0.0 4.45965e-08 0.0 
33.625 9.7634e-10 1.18825392e-07 0.0 2.239248e-09 2.8013848e-08 0.0 
33.875 0.0 1.09334952e-07 0.0 0.0 2.3897532e-08 0.0 
34.125 4.26876e-09 1.1931172e-07 0.0 1.35056e-09 3.2870804e-08 0.0 
34.375 1.511084e-09 9.6600988e-08 0.0 0.0 3.687066e-08 0.0 
34.625 0.0 1.1220146e-07 0.0 0.0 2.59144e-08 0.0 
34.875 5.259288e-09 1.22168664e-07 0.0 2.465888e-09 1.08372e-08 0.0 
35.125 4.01604e-09 8.5075e-08 0.0 0.0 2.1291916e-08 0.0 
35.375 0.0 9.5459728e-08 0.0 4.023192e-09 3.2593172e-08 0.0 
35.625 6.425804e-09 8.3222432e-08 0.0 1.76206e-09 2.9136188e-08 0.0 
35.875 8.477756e-09 8.1678164e-08 0.0 0.0 1.745074e-08 0.0 
36.125 1.828296e-09 6.5288724e-08 0.0 1.404096e-09 1.2729224e-08 0.0 
36.375 0.0 7.0154968e-08 0.0 0.0 1.8026028e-08 0.0 
36.625 0.0 8.435188e-08 0.0 0.0 2.0313772e-08 0.0 
36.875 0.0 7.87442e-08 0.0 0.0 2.5951956e-08 0.0 
37.125 0.0 9.8798564e-08 0.0 0.0 9.25042e-09 0.0 
37.375 0.0 8.2966968e-08 0.0 0.0 1.7709344e-08 0.0 
37.625 2.472928e-09 7.10867e-08 0.0 0.0 2.03071e-08 0.0 
37.875 0.0 6.852438e-08 0.0 0.0 1.372756e-08 0.0 
38.125 0.0 6.8752396e-08 0.0 0.0 9.099964e-09 0.0 
38.375 0.0 6.3908452e-08 0.0 0.0 1.569236e-08 0.0 
38.625 0.0 2.06376716e-07 0.0 3.234448e-09 1.7411784e-08 0.0 
38.875 3.827172e-09 5.5337656e-08 0.0 0.0 1.8832164e-08 0.0 
39.125 0.0 7.467806e-08 0.0 0.0 2.2900116e-08 0.0 
39.375 0.0 8.607164e-08 0.0 0.0 1.0126528e-08 0.0 
39.625 0.0 7.2151756e-08 0.0 0.0 1.3344276e-08 0.0 
39.875 0.0 6.44338e-08 0.0 0.0 9.748724e-09 0.0 
40.125 0.0 7.204732e-08 0.0 0.0 2.3537672e-08 0.0 
40.375 5.65344e-09 4.2703116e-08 0.0 0.0 1.1295212e-08 0.0 
40.625 0.0 4.9845132e-08 0.0 0.0 1.6009916e-08 0.0 
40.875 2.693784e-09 5.1126116e-08 0.0 0.0 9.427528e-09 0.0 
41.125 0.0 3.8408048e-08 0.0 0.0 5.326312e-09 0.0 
41.375 4.554564e-09 5.623542e-08 0.0 0.0 1.1625124e-08 0.0 
41.625 0.0 3.3624624e-08 0.0 0.0 7.707892e-09 0.0 
41.875 4.37196e-09 4.5806072e-08 0.0 0.0 2.722308e-09 0.0 
42.125 4.8614e-09 4.2835508e-08 0.0 0.0 6.03756e-09 0.0 
42.375 0.0 3.6435592e-08 0.0 0.0 8.677924e-09 0.0 
42.625 0.0 4.1984616e-08 0.0 0.0 1.1501324e-08 0.0 
42.875 0.0 4.8026228e-08 0.0 0.0 8.522396e-09 0.0 
43.125 1.775456e-09 5.2949216e-08 0.0 0.0 1.2487672e-08 0.0 
43.375 2.990472e-09 2.7861596e-08 0.0 0.0 5.703116e-09 0.0 
43.625 0.0 4.7378948e-08 0.0 0.0 0.0 0.0 
43.875 0.0 4.1470248e-08 0.0 0.0 1.380196e-09 0.0 
44.125 0.0 3.8545576e-08 0.0 0.0 1.346826e-08 0.0 
44.375 0.0 5.3394492e-08 0.0 2.058036e-09 4.986268e-09 0.0 
44.625 0.0 2.3485264e-08 0.0 0.0 6.062756e-09 0.0 
44.875 0.0 2.856716e-08 0.0 0.0 7.496936e-09 0.0 
45.125 0.0 3.1619628e-08 0.0 0.0 8.701108e-09 0.0 
45.375 0.0 3.7373324e-08 0.0 0.0 2.409632e-09 0.0 
45.625 0.0 2.4788612e-08 0.0 5.75932e-09 1.0300208e-08 0.0 
45.875 0.0 2.3574128e-08 0.0 0.0 3.89336e-09 0.0 
46.125 2.445336e-09 6.1783496e-08 0.0 0.0 1.819912e-09 0.0 
46.375 0.0 2.5985736e-08 0.0 0.0 6.13058e-09 0.0 
46.625 0.0 1.7933368e-08 0.0 2.230736e-09 0.0 0.0 
46.875 0.0 3.0758076e-08 0.0 0.0 3.626336e-09 0.0 
47.125 0.0 3.2798828e-08 0.0 0.0 5.791076e-09 0.0 
47.375 0.0 4.4325924e-08 0.0 0.0 0.0 0.0 
47.625 0.0 3.3163784e-08 0.0 0.0 5.3372e-09 0.0 
47.875 0.0 2.3292452e-08 0.0 0.0 0.0 0.0 
48.125 0.0 4.5259244e-08 0.0 0.0 0.0 0.0 
48.375 0.0 2.7698416e-08 0.0 0.0 0.0 0.0 
48.625 0.0 2.347316e-08 0.0 0.0 2.29366e-09 0.0 
48.875 0.0 1.9722948e-08 0.0 0.0 2.080968e-09 0.0 
49.125 0.0 3.6777376e-08 0.0 0.0 0.0 0.0 
49.375 0.0 1.5589372e-08 0.0 0.0 0.0 0.0 
49.625 0.0 4.1255348e-08 0.0 0.0 3.456196e-09 0.0 
49.875 0.0 1.983486e-08 0.0 0.0 3.775448e-09 0.0 
50.125 0.0 2.6985216e-08 0.0 0.0 2.914348e-09 0.0 
50.375 0.0 2.3571628e-08 0.0 0.0 4.327936e-09 0.0 
50.625 0.0 1.6130864e-08 0.0 0.0 0.0 0.0 
50.875 0.0 2.0588632e-08 0.0 0.0 2.9816e-09 0.0 
51.125 0.0 1.8794648e-08 0.0 0.0 2.379284e-09 0.0 
51.375 0.0 3.4724448e-08 0.0 0.0 0.0 0.0 
51.625 3.366096e-09 2.1068056e-08 0.0 0.0 3.634332e-09 0.0 
51.875 4.63044e-09 3.0091096e-08 0.0 0.0 4.64804e-09 0.0 
52.125 0.0 3.1911012e-08 0.0 0.0 0.0 0.0 
52.375 0.0 1.706776e-08 0.0 0.0 0.0 0.0 
52.625 4.17828e-09 1.199508e-08 0.0 0.0 2.821148e-09 0.0 
52.875 0.0 1.21371e-08 0.0 0.0 0.0 0.0 
53.125 0.0 1.8383736e-08 0.0 0.0 0.0 0.0 
53.375 0.0 2.433096e-09 0.0 0.0 2.189412e-09 0.0 
53.625 0.0 8.104024e-09 0.0 0.0 2.18842e-09 0.0 
53.875 0.0 9.807756e-09 0.0 0.0 2.650436e-09 0.0 
54.125 0.0 9.703024e-09 0.0 0.0 0.0 0.0 
54.375 0.0 1.9296348e-08 0.0 0.0 0.0 0.0 
54.625 0.0 1.666122e-08 0.0 0.0 2.140252e-09 0.0 
54.875 0.0 2.4205332e-08 0.0 0.0 0.0 0.0 
55.125 0.0 3.110252e-09 0.0 0.0 3.0183e-09 0.0 
55.375 0.0 1.4826588e-08 0.0 0.0 8.371044e-09 0.0 
55.625 0.0 9.6046e-09 0.0 0.0 3.28636e-09 0.0 
55.875 0.0 2.0585956e-08 0.0 0.0 0.0 0.0 
56.125 0.0 1.7438976e-08 0.0 0.0 0.0 0.0 
56.375 0.0 1.4291292e-08 0.0 0.0 2.38432e-09 0.0 
56.625 0.0 8.065176e-09 0.0 0.0 3.081176e-09 0.0 
56.875 0.0 2.7100836e-08 0.0 0.0 2.319956e-09 0.0 
57.125 0.0 1.89136e-08 0.0 0.0 0.0 0.0 
57.375 0.0 1.6540124e-08 0.0 0.0 0.0 0.0 
57.625 0.0 8.452856e-09 0.0 0.0 9.998092e-09 0.0 
57.875 0.0 9.932072e-09 0.0 0.0 5.70204e-09 0.0 
58.125 0.0 7.453004e-09 0.0 0.0 0.0 0.0 
58.375 0.0 6.249044e-09 0.0 0.0 0.0 0.0 
58.625 0.0 3.157496e-09 0.0 0.0 0.0 0.0 
58.875 0.0 6.09624e-09 0.0 0.0 3.006452e-09 0.0 
59.125 0.0 4.16992e-09 0.0 0.0 0.0 0.0 
59.375 4.55776e-09 6.523616e-09 0.0 0.0 0.0 0.0 
59.625 0.0 1.4183008e-08 0.0 0.0 0.0 0.0 
59.875 0.0 1.1176648e-08 0.0 0.0 0.0 0.0 
60.125 0.0 2.1551816e-08 0.0 0.0 0.0 0.0 
60.375 0.0 5.531828e-09 0.0 0.0 0.0 0.0 
60.625 0.0 1.916374e-08 0.0 0.0 0.0 0.0 
60.875 0.0 6.974608e-09 0.0 0.0 0.0 0.0 
61.125 0.0 4.41248e-09 0.0 0.0 0.0 0.0 
61.375 0.0 6.163604e-09 0.0 0.0 0.0 0.0 
61.625 0.0 1.7034288e-08 0.0 0.0 0.0 0.0 
61.875 0.0 0.0 0.0 0.0 0.0 0.0 
62.125 0.0 8.84416e-09 0.0 0.0 0.0 0.0 
62.375 0.0 2.72162e-09 0.0 0.0 0.0 0.0 
62.625 0.0 1.19116e-08 0.0 0.0 0.0 0.0 
62.875 0.0 0.0 0.0 0.0 0.0 0.0 
63.125 0.0 1.236848e-08 0.0 0.0 4.13348e-09 0.0 
63.375 0.0 3.3119e-09 0.0 0.0 0.0 0.0 
63.625 0.0 1.556098e-08 0.0 0.0 0.0 0.0 
63.875 0.0 6.21776e-09 0.0 0.0 0.0 0.0 
64.125 0.0 5.69836e-09 0.0 0.0 0.0 0.0 
64.375 0.0 0.0 0.0 0.0 0.0 0.0 
64.625 0.0 1.1488148e-08 0.0 0.0 0.0 0.0 
64.875 0.0 0.0 0.0 0.0 0.0 0.0 
65.125 0.0 6.72732e-09 0.0 0.0 0.0 0.0 
65.375 0.0 1.082044e-08 0.0 0.0 0.0 0.0 
65.625 0.0 9.58582e-09 0.0 0.0 0.0 0.0 
65.875 0.0 4.73424e-09 0.0 0.0 0.0 0.0 
66.125 0.0 0.0 0.0 0.0 0.0 0.0 
66.375 0.0 1.3310248e-08 0.0 0.0 0.0 0.0 
66.625 0.0 4.74476e-09 0.0 0.0 0.0 0.0 
66.875 0.0 1.0448048e-08 0.0 0.0 0.0 0.0 
67.125 0.0 3.524892e-09 0.0 0.0 0.0 0.0 
67.375 0.0 0.0 0.0 0.0 0.0 0.0 
67.625 0.0 4.4812e-09 0.0 0.0 0.0 0.0 
67.875 0.0 3.314284e-09 0.0 0.0 0.0 0.0 
68.125 0.0 1.5705076e-08 0.0 0.0 0.0 0.0 
68.375 0.0 4.46596e-09 0.0 0.0 0.0 0.0 
68.625 0.0 0.0 0.0 0.0 0.0 0.0 
68.875 0.0 0.0 0.0 0.0 0.0 0.0 
69.125 0.0 0.0 0.0 0.0 0.0 0.0 
69.375 0.0 7.49524e-09 0.0 0.0 0.0 0.0 
69.625 0.0 0.0 0.0 0.0 0.0 0.0 
69.875 0.0 3.417136e-09 0.0 0.0 0.0 0.0 
70.125 0.0 0.0 0.0 0.0 0.0 0.0 
70.375 0.0 0.0 0.0 0.0 0.0 0.0 
70.625 0.0 0.0 0.0 0.0 0.0 0.0 
70.875 0.0 9.148772e-09 0.0 0.0 0.0 0.0 
71.125 0.0 0.0 0.0 0.0 0.0 0.0 
71.375 0.0 0.0 0.0 0.0 0.0 0.0 
71.625 0.0 0.0 0.0 0.0 0.0 0.0 
71.875 0.0 0.0 0.0 0.0 0.0 0.0 
72.125 0.0 5.26628e-09 0.0 0.0 0.0 0.0 
72.375 0.0 0.0 0.0 0.0 0.0 0.0 
72.625 0.0 0.0 0.0 0.0 0.0 0.0 
72.875 0.0 0.0 0.0 0.0 0.0 0.0 
73.125 0.0 3.780004e-09 0.0 0.0 0.0 0.0 
73.375 0.0 0.0 0.0 0.0 0.0 0.0 
73.625 0.0 4.15832e-09 0.0 0.0 0.0 0.0 
73.875 0.0 0.0 0.0 0.0 0.0 0.0 
74.125 0.0 0.0 0.0 0.0 0.0 0.0 
74.375 0.0 0.0 0.0 0.0 0.0 0.0 
74.625 0.0 5.02044e-09 0.0 0.0 0.0 0.0 
74.875 0.0 0.0 0.0 0.0 0.0 0.0 
75.125 0.0 5.51256e-09 0.0 0.0 0.0 0.0 
75.375 0.0 0.0 0.0 0.0 0.0 0.0 
75.625 0.0 0.0 0.0 0.0 0.0 0.0 
75.875 0.0 0.0 0.0 0.0 0.0 0.0 
76.125 0.0 0.0 0.0 0.0 0.0 0.0 
76.375 0.0 0.0 0.0 0.0 0.0 0.0 
76.625 0.0 0.0 0.0 0.0 0.0 0.0 
76.875 0.0 7.05164e-09 0.0 0.0 0.0 0.0 
77.125 0.0 0.0 0.0 0.0 0.0 0.0 
77.375 0.0 0.0 0.0 0.0 0.0 0.0 
77.625 0.0 0.0 0.0 0.0 0.0 0.0 
77.875 0.0 5.60204e-09 0.0 0.0 0.0 0.0 
78.125 0.0 0.0 0.0 0.0 0.0 0.0 
78.375 0.0 0.0 0.0 0.0 0.0 0.0 
78.625 0.0 0.0 0.0 0.0 0.0 0.0 
78.875 0.0 0.0 0.0 0.0 0.0 0.0 
79.125 0.0 0.0 0.0 0.0 0.0 0.0 
79.375 0.0 0.0 0.0 0.0 0.0 0.0 
79.625 0.0 0.0 0.0 0.0 0.0 0.0 
79.875 0.0 0.0 0.0 0.0 0.0 0.0 
80.125 0.0 0.0 0.0 0.0 0.0 0.0 
80.375 0.0 0.0 0.0 0.0 0.0 0.0 
80.625 0.0 0.0 0.0 0.0 0.0 0.0 
80.875 0.0 0.0 0.0 0.0 0.0 0.0 
81.125 0.0 0.0 0.0 0.0 0.0 0.0 
81.375 0.0 0.0 0.0 0.0 0.0 0.0 
81.625 0.0 0.0 0.0 0.0 0.0 0.0 
81.875 0.0 0.0 0.0 0.0 0.0 0.0 
82.125 0.0 0.0 0.0 0.0 0.0 0.0 
82.375 0.0 0.0 0.0 0.0 0.0 0.0 
82.625 0.0 0.0 0.0 0.0 0.0 0.0 
82.875 0.0 0.0 0.0 0.0 0.0 0.0 
83.125 0.0 0.0 0.0 0.0 0.0 0.0 
83.375 0.0 0.0 0.0 0.0 0.0 0.0 
83.625 0.0 0.0 0.0 0.0 0.0 0.0 
83.875 0.0 0.0 0.0 0.0 0.0 0.0 
84.125 0.0 0.0 0.0 0.0 0.0 0.0 
84.375 0.0 0.0 0.0 0.0 0.0 0.0 
84.625 0.0 0.0 0.0 0.0 0.0 0.0 
84.875 0.0 0.0 0.0 0.0 0.0 0.0 
85.125 0.0 0.0 0.0 0.0 0.0 0.0 
85.375 0.0 0.0 0.0 0.0 0.0 0.0 
85.625 0.0 0.0 0.0 0.0 0.0 0.0 
85.875 0.0 0.0 0.0 0.0 0.0 0.0 
86.125 0.0 0.0 0.0 0.0 0.0 0.0 
86.375 0.0 0.0 0.0 0.0 0.0 0.0 
86.625 0.0 0.0 0.0 0.0 0.0 0.0 
86.875 0.0 0.0 0.0 0.0 0.0 0.0 
87.125 0.0 0.0 0.0 0.0 0.0 0.0 
87.375 0.0 0.0 0.0 0.0 0.0 0.0 
87.625 0.0 0.0 0.0 0.0 0.0 0.0 
87.875 0.0 0.0 0.0 0.0 0.0 0.0 
88.125 0.0 0.0 0.0 0.0 0.0 0.0 
88.375 0.0 0.0 0.0 0.0 0.0 0.0 
88.625 0.0 0.0 0.0 0.0 0.0 0.0 
88.875 0.0 0.0 0.0 0.0 0.0 0.0 
89.125 0.0 0.0 0.0 0.0 0.0 0.0 
89.375 0.0 0.0 0.0 0.0 0.0 0.0 
89.625 0.0 0.0 0.0 0.0 0.0 0.0 
89.875 0.0 0.0 0.0 0.0 0.0 0.0 
90.125 0.0 0.0 0.0 0.0 0.0 0.0 
90.375 0.0 0.0 0.0 0.0 0.0 0.0 
90.625 0.0 0.0 0.0 0.0 0.0 0.0 
90.875 0.0 0.0 0.0 0.0 0.0 0.0 
91.125 0.0 0.0 0.0 0.0 0.0 0.0 
91.375 0.0 0.0 0.0 0.0 0.0 0.0 
91.625 0.0 0.0 0.0 0.0 0.0 0.0 
91.875 0.0 0.0 0.0 0.0 0.0 0.0 
92.125 0.0 0.0 0.0 0.0 0.0 0.0 
92.375 0.0 0.0 0.0 0.0 0.0 0.0 
92.625 0.0 0.0 0.0 0.0 0.0 0.0 
92.875 0.0 0.0 0.0 0.0 0.0 0.0 
93.125 0.0 0.0 0.0 0.0 0.0 0.0 
93.375 0.0 0.0 0.0 0.0 0.0 0.0 
93.625 0.0 0.0 0.0 0.0 0.0 0.0 
93.875 0.0 0.0 0.0 0.0 0.0 0.0 
94.125 0.0 0.0 0.0 0.0 0.0 0.0 
94.375 0.0 0.0 0.0 0.0 0.0 0.0 
94.625 0.0 0.0 0.0 0.0 0.0 0.0 
94.875 0.0 0.0 0.0 0.0 0.0 0.0 
95.125 0.0 0.0 0.0 0.0 0.0 0.0 
95.375 0.0 0.0 0.0 0.0 0.0 0.0 
95.625 0.0 0.0 0.0 0.0 0.0 0.0 
95.875 0.0 0.0 0.0 0.0 0.0 0.0 
96.125 0.0 0.0 0.0 0.0 0.0 0.0 
96.375 0.0 0.0 0.0 0.0 0.0 0.0 
96.625 0.0 0.0 0.0 0.0 0.0 0.0 
96.875 0.0 0.0 0.0 0.0 0.0 0.0 
97.125 0.0 0.0 0.0 0.0 0.0 0.0 
97.375 0.0 0.0 0.0 0.0 0.0 0.0 
97.625 0.0 0.0 0.0 0.0 0.0 0.0 
97.875 0.0 0.0 0.0 0.0 0.0 0.0 
98.125 0.0 0.0 0.0 0.0 0.0 0.0 
98.375 0.0 0.0 0.0 0.0 0.0 0.0 
98.625 0.0 0.0 0.0 0.0 0.0 0.0 
98.875 0.0 0.0 0.0 0.0 0.0 0.0 
99.125 0.0 0.0 0.0 0.0 0.0 0.0 
99.375 0.0 0.0 0.0 0.0 0.0 0.0 
99.625 0.0 0.0 0.0 0.0 0.0 0.0 
99.875 0.0 0.0 0.0 0.0 0.0 0.0 
100.125 0.0 0.0 0.0 0.0 0.0 0.0 
100.375 0.0 0.0 0.0 0.0 0.0 0.0 
100.625 0.0 0.0 0.0 0.0 0.0 0.0 
100.875 0.0 0.0 0.0 0.0 0.0 0.0 
101.125 0.0 0.0 0.0 0.0 0.0 0.0 
101.375 0.0 0.0 0.0 0.0 0.0 0.0 
101.625 0.0 0.0 0.0 0.0 0.0 0.0 
101.875 0.0 0.0 0.0 0.0 0.0 0.0 
102.125 0.0 0.0 0.0 0.0 0.0 0.0 
102.375 0.0 0.0 0.0 0.0 0.0 0.0 
102.625 0.0 0.0 0.0 0.0 0.0 0.0 
102.875 0.0 0.0 0.0 0.0 0.0 0.0 
103.125 0.0 0.0 0.0 0.0 0.0 0.0 
103.375 0.0 0.0 0.0 0.0 0.0 0.0 
103.625 0.0 0.0 0.0 0.0 0.0 0.0 
103.875 0.0 0.0 0.0 0.0 0.0 0.0 
104.125 0.0 0.0 0.0 0.0 0.0 0.0 
104.375 0.0 0.0 0.0 0.0 0.0 0.0 
104.625 0.0 0.0 0.0 0.0 0.0 0.0 
104.875 0.0 0.0 0.0 0.0 0.0 0.0 
105.125 0.0 0.0 0.0 0.0 0.0 0.0 
105.375 0.0 0.0 0.0 0.0 0.0 0.0 
105.625 0.0 0.0 0.0 0.0 0.0 0.0 
105.875 0.0 0.0 0.0 0.0 0.0 0.0 
106.125 0.0 0.0 0.0 0.0 0.0 0.0 
106.375 0.0 0.0 0.0 0.0 0.0 0.0 
106.625 0.0 0.0 0.0 0.0 0.0 0.0 
106.875 0.0 0.0 0.0 0.0 0.0 0.0 
107.125 0.0 0.0 0.0 0.0 0.0 0.0 
107.375 0.0 0.0 0.0 0.0 0.0 0.0 
107.625 0.0 0.0 0.0 0.0 0.0 0.0 
107.875 0.0 0.0 0.0 0.0 0.0 0.0 
108.125 0.0 0.0 0.0 0.0 0.0 0.0 
108.375 0.0 0.0 0.0 0.0 0.0 0.0 
108.625 0.0 0.0 0.0 0.0 0.0 0.0 
108.875 0.0 0.0 0.0 0.0 0.0 0.0 
109.125 0.0 0.0 0.0 0.0 0.0 0.0 
109.375 0.0 0.0 0.0 0.0 0.0 0.0 
109.625 0.0 0.0 0.0 0.0 0.0 0.0 
109.875 0.0 0.0 0.0 0.0 0.0 0.0 
110.125 0.0 0.0 0.0 0.0 0.0 0.0 
110.375 0.0 0.0 0.0 0.0 0.0 0.0 
110.625 0.0 0.0 0.0 0.0 0.0 0.0 
110.875 0.0 0.0 0.0 0.0 0.0 0.0 
111.125 0.0 0.0 0.0 0.0 0.0 0.0 
111.375 0.0 0.0 0.0 0.0 0.0 0.0 
111.625 0.0 0.0 0.0 0.0 0.0 0.0 
111.875 0.0 0.0 0.0 0.0 0.0 0.0 
112.125 0.0 0.0 0.0 0.0 0.0 0.0 
112.375 0.0 0.0 0.0 0.0 0.0 0.0 
112.625 0.0 0.0 0.0 0.0 0.0 0.0 
112.875 0.0 0.0 0.0 0.0 0.0 0.0 
113.125 0.0 0.0 0.0 0.0 0.0 0.0 
113.375 0.0 0.0 0.0 0.0 0.0 0.0 
113.625 0.0 0.0 0.0 0.0 0.0 0.0 
113.875 0.0 0.0 0.0 0.0 0.0 0.0 
114.125 0.0 0.0 0.0 0.0 0.0 0.0 
114.375 0.0 0.0 0.0 0.0 0.0 0.0 
114.625 0.0 0.0 0.0 0.0 0.0 0.0 
114.875 0.0 0.0 0.0 0.0 0.0 0.0 
115.125 0.0 0.0 0.0 0.0 0.0 0.0 
115.375 0.0 0.0 0.0 0.0 0.0 0.0 
115.625 0.0 0.0 0.0 0.0 0.0 0.0 
115.875 0.0 0.0 0.0 0.0 0.0 0.0 
116.125 0.0 0.0 0.0 0.0 0.0 0.0 
116.375 0.0 0.0 0.0 0.0 0.0 0.0 
116.625 0.0 0.0 0.0 0.0 0.0 0.0 
116.875 0.0 0.0 0.0 0.0 0.0 0.0 
117.125 0.0 0.0 0.0 0.0 0.0 0.0 
117.375 0.0 0.0 0.0 0.0 0.0 0.0 
117.625 0.0 0.0 0.0 0.0 0.0 0.0 
117.875 0.0 0.0 0.0 0.0 0.0 0.0 
118.125 0.0 0.0 0.0 0.0 0.0 0.0 
118.375 0.0 0.0 0.0 0.0 0.0 0.0 
118.625 0.0 0.0 0.0 0.0 0.0 0.0 
118.875 0.0 0.0 0.0 0.0 0.0 0.0 
119.125 0.0 0.0 0.0 0.0 0.0 0.0 
119.375 0.0 0.0 0.0 0.0 0.0 0.0 
119.625 0.0 0.0 0.0 0.0 0.0 0.0 
119.875 0.0 0.0 0.0 0.0 0.0 0.0 
120.125 0.0 0.0 0.0 0.0 0.0 0.0 
120.375 0.0 0.0 0.0 0.0 0.0 0.0 
120.625 0.0 0.0 0.0 0.0 0.0 0.0 
120.875 0.0 0.0 0.0 0.0 0.0 0.0 
121.125 0.0 0.0 0.0 0.0 0.0 0.0 
121.375 0.0 0.0 0.0 0.0 0.0 0.0 
121.625 0.0 0.0 0.0 0.0 0.0 0.0 
121.875 0.0 0.0 0.0 0.0 0.0 0.0 
122.125 0.0 0.0 0.0 0.0 0.0 0.0 
122.375 0.0 0.0 0.0 0.0 0.0 0.0 
122.625 0.0 0.0 0.0 0.0 0.0 0.0 
122.875 0.0 0.0 0.0 0.0 0.0 0.0 
123.125 0.0 0.0 0.0 0.0 0.0 0.0 
123.375 0.0 0.0 0.0 0.0 0.0 0.0 
123.625 0.0 0.0 0.0 0.0 0.0 0.0 
123.875 0.0 0.0 0.0 0.0 0.0 0.0 
124.125 0.0 0.0 0.0 0.0 0.0 0.0 
124.375 0.0 0.0 0.0 0.0 0.0 0.0 
124.625 0.0 0.0 0.0 0.0 0.0 0.0 
124.875 0.0 0.0 0.0 0.0 0.0 0.0 
125.125 0.0 0.0 0.0 0.0 0.0 0.0 
