0.125 2.81681716e-07 2.0857224e-05 0.0 8.08559248e-07 4.11366808e-05 0.0 
0.375 3.60919488e-07 1.57188648e-05 0.0 1.73071272e-06 7.65054224e-05 0.0 
0.625 3.41207156e-07 1.54751728e-05 0.0 2.352963008e-06 0.00014060478 0.0 
0.875 3.21209908e-07 1.5531354e-05 0.0 2.48485028e-06 0.000200306944 0.0 
1.125 3.044669704e-07 1.84413312e-05 0.0 2.365069548e-06 0.000253042076 0.0 
1.375 2.83512316e-07 1.92324932e-05 0.0 2.243712232e-06 0.000274908436 0.0 
1.625 2.877312748e-07 1.84829984e-05 0.0 2.038528992e-06 0.000299636444 0.0 
1.875 2.8363143e-07 1.7138462e-05 0.0 1.771927108e-06 0.00032738198 0.0 
2.125 2.955537512e-07 1.468466768e-05 0.0 1.702790504e-06 0.000335185224 0.0 
2.375 2.622542388e-07 1.309938808e-05 0.0 1.591781582e-06 0.000332019348 0.0 
2.625 2.899007656e-07 1.213314396e-05 0.0 1.323539668e-06 0.000312356116 0.0 
2.875 2.954849704e-07 1.139087052e-05 0.0 1.3268057824e-06 0.000276630124 0.0 
3.125 2.389439736e-07 1.091263456e-05 0.0 1.0879718436e-06 0.000237888464 0.0 
3.375 2.4968029908e-07 1.056676104e-05 0.0 1.0020366848e-06 0.000193118692 0.0 
3.625 2.378112616e-07 9.98609728e-06 0.0 8.652631796e-07 0.000143172748 0.0 
3.875 2.459556648e-07 9.1003804e-06 0.0 9.400402436e-07 9.71298972e-05 0.0 
4.125 2.387835012e-07 8.77155696e-06 0.0 6.968970228e-07 5.84805048e-05 0.0 
4.375 2.380453904e-07 7.69705412e-06 0.0 7.032049568e-07 3.24818464e-05 0.0 
4.625 2.33627218e-07 6.59178856e-06 0.0 6.635875568e-07 1.736466444e-05 0.0 
4.875 2.16277092e-07 5.9919072e-06 0.0 4.816537884e-07 1.046171364e-05 0.0 
5.125 2.228957284e-07 5.538110364e-06 0.0 5.011260416e-07 7.66428376e-06 0.0 
5.375 2.071336336e-07 4.87922304e-06 0.0 4.183232772e-07 6.232827488e-06 0.0 
5.625 2.124406096e-07 4.338068656e-06 0.0 4.145680864e-07 5.18206544e-06 0.0 
5.875 2.056094832e-07 4.190632516e-06 0.0 3.231373644e-07 4.50954552e-06 0.0 
6.125 2.000502556e-07 3.616626216e-06 0.0 3.744470632e-07 4.30619672e-06 0.0 
6.375 1.86575132e-07 3.51325848e-06 0.0 2.998629444e-07 3.98962928e-06 0.0 
6.625 1.965715144e-07 3.300047816e-06 0.0 3.2233003108e-07 3.794576364e-06 0.0 
6.875 1.877108256e-07 3.082482964e-06 0.0 2.56100342e-07 3.386854104e-06 0.0 
7.125 1.678909944e-07 2.809915748e-06 0.0 2.523748308e-07 3.322281408e-06 0.0 
7.375 1.746147268e-07 2.661338644e-06 0.0 2.15370882e-07 3.00603506e-06 0.0 
7.625 1.775095916e-07 2.411839244e-06 0.0 2.172194436e-07 2.879230288e-06 0.0 
7.875 1.671618924e-07 2.24368434e-06 0.0 1.970713344e-07 2.627193636e-06 0.0 
8.125 1.718264296e-07 2.133615156e-06 0.0 2.0904121e-07 2.725039404e-06 0.0 
8.375 1.491745984e-07 1.969976e-06 0.0 1.774184632e-07 2.634898092e-06 0.0 
8.625 1.371297916e-07 1.916154444e-06 0.0 2.252502368e-07 2.33319354e-06 0.0 
8.875 1.446769496e-07 1.88002434e-06 0.0 1.681832384e-07 2.376864556e-06 0.0 
9.125 1.287268548e-07 1.696720492e-06 0.0 1.508262256e-07 2.302921348e-06 0.0 
9.375 1.299451656e-07 1.647003352e-06 0.0 1.505505084e-07 2.224427332e-06 0.0 
9.625 1.172200936e-07 1.739534984e-06 0.0 1.327619616e-07 2.281188296e-06 0.0 
9.875 1.198608892e-07 1.702600344e-06 0.0 1.29624158e-07 2.053453872e-06 0.0 
10.125 1.156776716e-07 1.322385948e-06 0.0 1.251665988e-07 1.961467268e-06 0.0 
10.375 1.136327048e-07 1.49969672e-06 0.0 1.053273904e-07 1.904874084e-06 0.0 
10.625 1.078278352e-07 1.42281404e-06 0.0 1.079023516e-07 1.944016788e-06 0.0 
10.875 1.199146888e-07 1.33383064e-06 0.0 1.102670444e-07 1.839392132e-06 0.0 
11.125 1.003871512e-07 1.203296652e-06 0.0 9.92053236e-08 1.865880612e-06 0.0 
11.375 1.042973132e-07 1.37774304e-06 0.0 8.59142612e-08 1.725642716e-06 0.0 
11.625 1.2744504e-07 1.184734028e-06 0.0 8.41089684e-08 1.748102772e-06 0.0 
11.875 7.7984552e-08 1.256503116e-06 0.0 7.857366e-08 1.570085692e-06 0.0 
12.125 7.86225804e-08 1.197071928e-06 0.0 7.17130876e-08 1.501928692e-06 0.0 
12.375 8.35096356e-08 1.303297944e-06 0.0 7.32504156e-08 1.376383204e-06 0.0 
12.625 8.19529528e-08 1.152617488e-06 0.0 7.1357154e-08 1.496792668e-06 0.0 
12.875 7.58335472e-08 9.85154764e-07 0.0 7.84110316e-08 1.324787216e-06 0.0 
13.125 7.01201884e-08 1.1626851e-06 0.0 5.236393e-08 1.387326232e-06 0.0 
13.375 7.17180664e-08 1.038284176e-06 0.0 5.22473812e-08 1.296561964e-06 0.0 
13.625 5.40182808e-08 9.970821944e-07 0.0 6.11909104e-08 1.223581104e-06 0.0 
13.875 6.11508824e-08 1.012170216e-06 0.0 7.68438776e-08 1.129963568e-06 0.0 
14.125 5.26843e-08 9.11141752e-07 0.0 4.37234444e-08 1.132067228e-06 0.0 
14.375 5.99296008e-08 9.02055236e-07 0.0 4.68162792e-08 1.10230916e-06 0.0 
14.625 5.78213976e-08 8.45400148e-07 0.0 5.16058832e-08 1.026587988e-06 0.0 
14.875 4.97029556e-08 9.35484192e-07 0.0 3.88503328e-08 1.026246736e-06 0.0 
15.125 4.70530836e-08 9.46098524e-07 0.0 4.10329304e-08 8.500428132e-07 0.0 
15.375 4.3000168e-08 7.8485008e-07 0.0 4.83782384e-08 8.03454828e-07 0.0 
15.625 4.41113156e-08 6.912382388e-07 0.0 3.0141856e-08 7.417824716e-07 0.0 
15.875 4.6134398e-08 7.635239712e-07 0.0 3.40361284e-08 6.400423636e-07 0.0 
16.125 4.82611056e-08 6.76498688e-07 0.0 3.1251046e-08 7.681474084e-07 0.0 
16.375 3.4760934e-08 6.33508538e-07 0.0 1.86817176e-08 5.976704436e-07 0.0 
16.625 4.12260264e-08 6.418259804e-07 0.0 2.28813344e-08 4.967536692e-07 0.0 
16.875 5.08329228e-08 6.452438452e-07 0.0 2.62555228e-08 4.918196844e-07 0.0 
17.125 4.1819154e-08 6.109656396e-07 0.0 2.22775396e-08 6.372919248e-07 0.0 
17.375 3.61344884e-08 6.33725736e-07 0.0 3.46687396e-08 4.734063932e-07 0.0 
17.625 3.36000356e-08 5.775855544e-07 0.0 2.08253824e-08 3.536829448e-07 0.0 
17.875 2.59121724e-08 7.20096206e-07 0.0 2.08117932e-08 4.262160372e-07 0.0 
18.125 2.88252508e-08 4.495023632e-07 0.0 1.99796004e-08 4.827395036e-07 0.0 
18.375 2.66072172e-08 5.172856892e-07 0.0 1.9672342e-08 3.58372584e-07 0.0 
18.625 2.49135168e-08 4.437327096e-07 0.0 2.79889036e-08 3.329947552e-07 0.0 
18.875 3.11182116e-08 4.307704896e-07 0.0 1.808826e-08 3.059377288e-07 0.0 
19.125 2.63564648e-08 4.298369396e-07 0.0 1.59014568e-08 2.660127172e-07 0.0 
19.375 1.8793064e-08 3.966463292e-07 0.0 1.86503852e-08 3.154994156e-07 0.0 
19.625 1.4610132e-08 4.383301012e-07 0.0 1.6836236e-08 3.7437494e-07 0.0 
19.875 2.917886e-08 4.45117026e-07 0.0 1.735902e-08 3.458010792e-07 0.0 
20.125 2.8956824e-08 3.982888284e-07 0.0 2.1500382e-08 2.504889684e-07 0.0 
20.375 2.0331848e-08 4.140084548e-07 0.0 1.6161236e-08 2.701439224e-07 0.0 
20.625 2.51850024e-08 4.32438828e-07 0.0 1.2014352e-08 2.35844338e-07 0.0 
20.875 1.4831224e-08 4.973366096e-07 0.0 1.4782988e-08 2.487219924e-07 0.0 
21.125 1.8678052e-08 3.301927992e-07 0.0 1.33107228e-08 2.33964562e-07 0.0 
21.375 2.099518e-08 3.616741176e-07 0.0 1.1018988e-08 2.176980032e-07 0.0 
21.625 1.94730376e-08 2.988897552e-07 0.0 1.267294e-08 1.916920212e-07 0.0 
21.875 1.471032e-08 3.02385864e-07 0.0 1.2820396e-08 2.493924088e-07 0.0 
22.125 1.1568196e-08 3.752648872e-07 0.0 9.976704e-09 2.474302108e-07 0.0 
22.375 2.242146e-08 3.484489156e-07 0.0 1.658098e-08 1.72798854e-07 0.0 
22.625 1.1769384e-08 2.921409632e-07 0.0 6.05822e-09 1.972846164e-07 0.0 
22.875 7.67126e-09 3.13813716e-07 0.0 1.2313616e-08 1.6632101e-07 0.0 
23.125 8.677456e-09 3.395054224e-07 0.0 1.2745312e-08 1.758089468e-07 0.0 
23.375 1.9611012e-08 3.661572952e-07 0.0 7.3766e-09 1.507853788e-07 0.0 
23.625 1.224062e-08 2.637384652e-07 0.0 1.017318e-08 1.509921076e-07 0.0 
23.875 1.0274484e-08 2.316528488e-07 0.0 6.952148e-09 1.309005776e-07 0.0 
24.125 1.2196608e-08 2.47088448e-07 0.0 1.120522e-08 1.2697668e-07 0.0 
24.375 8.069684e-09 3.004666e-07 0.0 6.674824e-09 2.056517e-07 0.0 
24.625 1.4436768e-08 2.17766136e-07 0.0 8.706216e-09 1.27185108e-07 0.0 
24.875 1.1284072e-08 2.15798172e-07 0.0 5.500652e-09 1.23922284e-07 0.0 
25.125 7.3422488e-08 2.90813748e-07 0.0 5.128812e-09 1.55778196e-07 0.0 
25.375 7.52266e-09 2.9214066e-07 0.0 1.0358632e-08 1.75890128e-07 0.0 
25.625 8.446268e-09 2.5890836e-07 0.0 4.611628e-09 1.095663e-07 0.0 
25.875 1.7648344e-08 2.2205416e-07 0.0 5.430008e-09 1.743969e-07 0.0 
26.125 1.1866844e-08 2.67636072e-07 0.0 3.259688e-09 1.1100842e-07 0.0 
26.375 5.880888e-09 2.08873424e-07 0.0 2.7184e-09 8.3584392e-08 0.0 
26.625 9.051736e-09 1.95541776e-07 0.0 6.633532e-09 8.6855916e-08 0.0 
26.875 3.236116e-09 2.42862968e-07 0.0 4.434132e-09 9.6710584e-08 0.0 
27.125 5.380068e-09 1.8679202e-07 0.0 4.062492e-09 8.5322944e-08 0.0 
27.375 6.659408e-09 2.16000292e-07 0.0 3.244672e-09 8.1053e-08 0.0 
27.625 3.648332e-09 2.90996188e-07 0.0 7.415724e-09 1.52849708e-07 0.0 
27.875 3.483936e-09 1.9076686e-07 0.0 4.270796e-09 7.3268176e-08 0.0 
28.125 5.810732e-09 1.80073436e-07 0.0 0.0 1.16633792e-07 0.0 
28.375 1.994616e-09 1.61643204e-07 0.0 0.0 8.0636196e-08 0.0 
28.625 1.873572e-09 1.9962784e-07 0.0 1.799516e-09 7.4433196e-08 0.0 
28.875 1.0274848e-08 1.49668448e-07 0.0 2.5862e-09 6.4692168e-08 0.0 
29.125 4.375016e-09 1.881391e-07 0.0 4.367652e-09 5.6053192e-08 0.0 
29.375 8.612072e-09 1.73643104e-07 0.0 4.380272e-09 5.9006404e-08 0.0 
29.625 7.929992e-09 1.62163352e-07 0.0 0.0 6.4199036e-08 0.0 
29.875 5.491424e-09 1.50569636e-07 0.0 3.8344e-09 6.173296e-08 0.0 
30.125 8.77248e-10 1.46981196e-07 0.0 2.639808e-09 9.3798116e-08 0.0 
30.375 3.064072e-09 1.3390058e-07 0.0 1.0952296e-08 5.3520056e-08 0.0 
30.625 5.615836e-09 1.44977336e-07 0.0 0.0 5.1103148e-08 0.0 
30.875 2.91178e-09 1.21762352e-07 0.0 1.52435484e-07 5.3120384e-08 0.0 
31.125 3.57414e-09 1.3530186e-07 0.0 0.0 6.0049332e-08 0.0 
31.375 1.387756e-09 1.23345676e-07 0.0 0.0 3.927324e-08 0.0 
31.625 7.284888e-09 1.30511364e-07 0.0 0.0 4.1467388e-08 0.0 
31.875 1.47774e-09 1.38090344e-07 0.0 4.27758e-09 4.1653612e-08 0.0 
32.125 3.024e-09 1.30829376e-07 0.0 1.26994e-09 8.8043264e-08 0.0 
32.375 7.614564e-09 1.12516148e-07 0.0 1.032472e-09 4.110362e-08 0.0 
32.625 2.713168e-09 1.0833068e-07 0.0 3.911056e-09 3.4357336e-08 0.0 
32.875 0.0 1.09871012e-07 0.0 3.405492e-09 4.593616e-08 0.0 
33.125 6.795588e-09 1.08967736e-07 0.0 1.360808e-09 3.347164e-08 0.0 
33.375 1.12154e-08 1.15922652e-07 0.0 2.191248e-09 3.7749348e-08 0.0 
33.625 3.4973e-09 1.0263314e-07 0.0 3.198436e-09 2.9137552e-08 0.0 
33.875 3.13992e-09 1.05118212e-07 0.0 0.0 3.0267368e-08 0.0 
34.125 2.32758e-09 1.21915712e-07 0.0 1.46444e-09 2.7836808e-08 0.0 
34.375 1.0012276e-08 1.04241508e-07 0.0 5.776212e-09 3.1309812e-08 0.0 
34.625 4.837388e-09 8.5533408e-08 0.0 3.180608e-09 2.7398648e-08 0.0 
34.875 5.999192e-09 6.556088e-08 0.0 1.4781e-09 2.1123528e-08 0.0 
35.125 1.88382e-09 9.6784796e-08 0.0 0.0 1.64418e-08 0.0 
35.375 1.491832e-09 9.626698e-08 0.0 1.418216e-09 2.9781076e-08 0.0 
35.625 0.0 7.8156492e-08 0.0 1.5137e-09 4.0150184e-08 0.0 
35.875 1.802048e-09 7.7478868e-08 0.0 4.670084e-09 1.5806952e-08 0.0 
36.125 2.341612e-09 1.75726744e-07 0.0 0.0 1.6434232e-08 0.0 
36.375 0.0 9.554688e-08 0.0 0.0 2.1687336e-08 0.0 
36.625 2.255448e-09 7.57469e-08 0.0 0.0 3.315984e-08 0.0 
36.875 0.0 8.310732e-08 0.0 1.817124e-09 1.4671928e-08 0.0 
37.125 0.0 8.6045824e-08 0.0 0.0 3.1377648e-08 0.0 
37.375 1.980744e-09 8.395462e-08 0.0 4.780124e-09 1.4695164e-08 0.0 
37.625 0.0 4.9614068e-08 0.0 3.503632e-09 8.870252e-09 0.0 
37.875 0.0 7.1686932e-08 0.0 0.0 1.7543324e-08 0.0 
38.125 0.0 6.2749564e-08 0.0 0.0 1.3103096e-08 0.0 
38.375 0.0 5.443426e-08 0.0 0.0 2.0711532e-08 0.0 
38.625 1.464328e-09 4.8839308e-08 0.0 0.0 2.0152032e-08 0.0 
38.875 4.537092e-09 6.4567644e-08 0.0 0.0 1.1801316e-08 0.0 
39.125 3.412208e-09 4.8118044e-08 0.0 1.799732e-09 2.0886656e-08 0.0 
39.375 0.0 8.5314724e-08 0.0 0.0 1.2635708e-08 0.0 
39.625 2.008716e-09 5.3383564e-08 0.0 0.0 1.387388e-08 0.0 
39.875 0.0 4.4799484e-08 0.0 0.0 2.2327992e-08 0.0 
40.125 0.0 7.0445672e-08 0.0 0.0 2.2045752e-08 0.0 
40.375 0.0 4.9573004e-08 0.0 0.0 5.188348e-09 0.0 
40.625 0.0 5.784904e-08 0.0 0.0 1.229776e-08 0.0 
40.875 0.0 3.9415732e-08 0.0 0.0 9.924568e-09 0.0 
41.125 2.325868e-09 8.8406244e-08 0.0 0.0 1.3172824e-08 0.0 
41.375 2.73476e-09 4.3784416e-08 0.0 0.0 8.639012e-09 0.0 
41.625 2.337572e-09 4.9472096e-08 0.0 4.05712e-09 9.11332e-09 0.0 
41.875 0.0 5.8780176e-08 0.0 0.0 2.04608684e-07 0.0 
42.125 0.0 2.7390412e-08 0.0 0.0 6.285348e-09 0.0 
42.375 0.0 4.9350028e-08 0.0 0.0 9.294532e-09 0.0 
42.625 0.0 2.74861e-08 0.0 0.0 5.292924e-09 0.0 
42.875 0.0 3.6367488e-08 0.0 0.0 1.2792052e-08 0.0 
43.125 0.0 3.0080492e-08 0.0 0.0 1.533608e-08 0.0 
43.375 1.690472e-09 5.5867572e-08 0.0 0.0 9.031392e-09 0.0 
43.625 2.391576e-09 3.6200276e-08 0.0 0.0 8.560172e-09 0.0 
43.875 0.0 2.8080996e-08 0.0 0.0 6.807832e-09 0.0 
44.125 0.0 2.988652e-08 0.0 0.0 9.844648e-09 0.0 
44.375 0.0 2.7196848e-08 0.0 0.0 6.700708e-09 0.0 
44.625 0.0 3.5595712e-08 0.0 0.0 4.17916e-09 0.0 
44.875 0.0 3.5565312e-08 0.0 0.0 1.0486804e-08 0.0 
45.125 0.0 4.69078e-08 0.0 0.0 8.357412e-09 0.0 
45.375 2.108064e-09 3.3908544e-08 0.0 0.0 4.241596e-09 0.0 
45.625 0.0 4.4776188e-08 0.0 0.0 3.786428e-09 0.0 
45.875 0.0 1.9687596e-08 0.0 0.0 4.252116e-09 0.0 
46.125 0.0 2.2496184e-08 0.0 0.0 5.249312e-09 0.0 
46.375 0.0 2.9913356e-08 0.0 0.0 4.16096e-09 0.0 
46.625 1.839464e-09 2.2386592e-08 0.0 3.525756e-09 2.751996e-09 0.0 
46.875 2.701396e-09 2.556322e-08 0.0 0.0 2.338144e-09 0.0 
47.125 0.0 3.6561748e-08 0.0 0.0 0.0 0.0 
47.375 0.0 4.0144968e-08 0.0 0.0 4.10808e-09 0.0 
47.625 0.0 4.2311432e-08 0.0 0.0 0.0 0.0 
47.875 0.0 1.4694024e-08 0.0 0.0 3.487276e-09 0.0 
48.125 0.0 1.5365856e-08 0.0 0.0 2.308008e-09 0.0 
48.375 0.0 3.9201816e-08 0.0 0.0 2.554184e-09 0.0 
48.625 0.0 1.7391408e-08 0.0 0.0 0.0 0.0 
48.875 0.0 1.8241984e-08 0.0 0.0 3.732936e-09 0.0 
49.125 0.0 1.5209836e-08 0.0 0.0 0.0 0.0 
49.375 0.0 1.4092348e-08 0.0 0.0 0.0 0.0 
49.625 0.0 2.9457136e-08 0.0 0.0 0.0 0.0 
49.875 4.6056e-09 4.19069e-08 0.0 0.0 0.0 0.0 
50.125 0.0 1.722158e-08 0.0 5.1498e-09 0.0 0.0 
50.375 0.0 2.0807724e-08 0.0 0.0 0.0 0.0 
50.625 0.0 1.6637856e-08 0.0 0.0 4.254352e-09 0.0 
50.875 0.0 2.8712324e-08 0.0 0.0 9.641332e-09 0.0 
51.125 0.0 4.6480532e-08 0.0 0.0 7.585284e-09 0.0 
51.375 0.0 1.6968776e-08 0.0 0.0 2.058616e-09 0.0 
51.625 0.0 1.857324e-08 0.0 0.0 7.413884e-09 0.0 
51.875 0.0 1.1690848e-08 0.0 0.0 4.17888e-09 0.0 
52.125 0.0 2.1993164e-08 0.0 0.0 3.971508e-09 0.0 
52.375 0.0 1.1147056e-08 0.0 0.0 2.905684e-09 0.0 
52.625 0.0 2.5216388e-08 0.0 0.0 5.543072e-09 0.0 
52.875 0.0 1.4017456e-08 0.0 0.0 2.158764e-09 0.0 
53.125 0.0 2.127044e-09 0.0 0.0 0.0 0.0 
53.375 0.0 2.0635176e-08 0.0 0.0 2.309884e-09 0.0 
53.625 0.0 6.850032e-09 0.0 0.0 2.49268e-09 0.0 
53.875 0.0 2.096096e-08 0.0 0.0 2.109276e-09 0.0 
54.125 0.0 1.1750096e-08 0.0 0.0 2.351796e-09 0.0 
54.375 0.0 4.35524e-09 0.0 0.0 0.0 0.0 
54.625 0.0 2.0614632e-08 0.0 0.0 0.0 0.0 
54.875 0.0 9.413944e-09 0.0 0.0 0.0 0.0 
55.125 0.0 1.3079764e-08 0.0 0.0 0.0 0.0 
55.375 0.0 7.760624e-09 0.0 0.0 2.215316e-09 0.0 
55.625 0.0 1.0037688e-08 0.0 0.0 5.323492e-09 0.0 
55.875 0.0 6.49576e-09 0.0 0.0 0.0 0.0 
56.125 0.0 1.6577164e-08 0.0 0.0 0.0 0.0 
56.375 0.0 8.842096e-09 0.0 0.0 6.15664e-09 0.0 
56.625 0.0 1.3339852e-08 0.0 0.0 0.0 0.0 
56.875 0.0 1.213164e-08 0.0 0.0 0.0 0.0 
57.125 0.0 1.315992e-08 0.0 0.0 0.0 0.0 
57.375 0.0 5.441916e-09 0.0 0.0 0.0 0.0 
57.625 0.0 1.6496168e-08 0.0 0.0 5.35656e-09 0.0 
57.875 0.0 2.0674012e-08 0.0 0.0 0.0 0.0 
58.125 0.0 2.4144932e-08 0.0 0.0 0.0 0.0 
58.375 0.0 6.094256e-09 0.0 0.0 0.0 0.0 
58.625 0.0 9.452272e-09 0.0 0.0 0.0 0.0 
58.875 0.0 2.41238e-09 0.0 0.0 0.0 0.0 
59.125 0.0 2.965788e-09 0.0 0.0 0.0 0.0 
59.375 0.0 5.242272e-09 0.0 0.0 0.0 0.0 
59.625 0.0 5.711852e-09 0.0 0.0 2.81512e-09 0.0 
59.875 0.0 9.14206e-09 0.0 0.0 0.0 0.0 
60.125 0.0 0.0 0.0 0.0 0.0 0.0 
60.375 0.0 1.15852e-08 0.0 0.0 0.0 0.0 
60.625 0.0 3.468476e-09 0.0 0.0 2.870892e-09 0.0 
60.875 0.0 2.585092e-09 0.0 0.0 3.575728e-09 0.0 
61.125 0.0 6.460116e-09 0.0 0.0 0.0 0.0 
61.375 0.0 1.0857332e-08 0.0 0.0 0.0 0.0 
61.625 0.0 0.0 0.0 0.0 0.0 0.0 
61.875 0.0 6.443596e-09 0.0 0.0 0.0 0.0 
62.125 0.0 1.7203572e-08 0.0 0.0 0.0 0.0 
62.375 0.0 3.455048e-09 0.0 0.0 0.0 0.0 
62.625 0.0 9.792988e-09 0.0 0.0 4.65188e-09 0.0 
62.875 0.0 1.08491e-08 0.0 0.0 0.0 0.0 
63.125 0.0 1.087104e-08 0.0 0.0 0.0 0.0 
63.375 0.0 4.29736e-09 0.0 0.0 0.0 0.0 
63.625 0.0 2.87504e-09 0.0 0.0 0.0 0.0 
63.875 0.0 3.539996e-09 0.0 0.0 0.0 0.0 
64.125 0.0 1.4688656e-08 0.0 0.0 0.0 0.0 
64.375 0.0 9.143612e-09 0.0 0.0 0.0 0.0 
64.625 0.0 0.0 0.0 0.0 0.0 0.0 
64.875 0.0 0.0 0.0 0.0 4.53008e-09 0.0 
65.125 0.0 2.6271156e-08 0.0 0.0 0.0 0.0 
65.375 0.0 1.18562e-08 0.0 0.0 0.0 0.0 
65.625 0.0 3.196988e-09 0.0 0.0 0.0 0.0 
65.875 0.0 0.0 0.0 0.0 0.0 0.0 
66.125 0.0 6.70272e-09 0.0 0.0 0.0 0.0 
66.375 0.0 4.12672e-09 0.0 0.0 0.0 0.0 
66.625 0.0 0.0 0.0 0.0 0.0 0.0 
66.875 0.0 9.088988e-09 0.0 0.0 0.0 0.0 
67.125 0.0 3.281968e-09 0.0 0.0 0.0 0.0 
67.375 0.0 8.611e-09 0.0 0.0 0.0 0.0 
67.625 0.0 3.364652e-09 0.0 0.0 0.0 0.0 
67.875 0.0 0.0 0.0 0.0 0.0 0.0 
68.125 0.0 0.0 0.0 0.0 0.0 0.0 
68.375 0.0 0.0 0.0 0.0 0.0 0.0 
68.625 0.0 3.561984e-09 0.0 0.0 0.0 0.0 
68.875 0.0 0.0 0.0 0.0 0.0 0.0 
69.125 0.0 0.0 0.0 0.0 0.0 0.0 
69.375 0.0 4.1104e-09 0.0 0.0 0.0 0.0 
69.625 0.0 4.63848e-09 0.0 0.0 0.0 0.0 
69.875 0.0 1.2158208e-08 0.0 0.0 0.0 0.0 
70.125 0.0 0.0 0.0 0.0 0.0 0.0 
70.375 0.0 9.223788e-09 0.0 0.0 0.0 0.0 
70.625 0.0 0.0 0.0 0.0 0.0 0.0 
70.875 0.0 5.69788e-09 0.0 0.0 0.0 0.0 
71.125 0.0 0.0 0.0 0.0 0.0 0.0 
71.375 0.0 6.56556e-09 0.0 0.0 0.0 0.0 
71.625 0.0 7.42648e-09 0.0 0.0 0.0 0.0 
71.875 0.0 1.4628712e-08 0.0 0.0 0.0 0.0 
72.125 0.0 4.37012e-09 0.0 0.0 0.0 0.0 
72.375 0.0 0.0 0.0 0.0 0.0 0.0 
72.625 0.0 1.006472e-08 0.0 0.0 0.0 0.0 
72.875 0.0 4.99408e-09 0.0 0.0 0.0 0.0 
73.125 0.0 0.0 0.0 0.0 0.0 0.0 
73.375 0.0 0.0 0.0 0.0 0.0 0.0 
73.625 0.0 0.0 0.0 0.0 0.0 0.0 
73.875 0.0 0.0 0.0 0.0 0.0 0.0 
74.125 0.0 0.0 0.0 0.0 0.0 0.0 
74.375 0.0 4.67776e-09 0.0 0.0 0.0 0.0 
74.625 0.0 3.993176e-09 0.0 0.0 0.0 0.0 
74.875 0.0 0.0 0.0 0.0 0.0 0.0 
75.125 0.0 0.0 0.0 0.0 0.0 0.0 
75.375 0.0 0.0 0.0 0.0 0.0 0.0 
75.625 0.0 0.0 0.0 0.0 0.0 0.0 
75.875 0.0 5.08512e-09 0.0 0.0 0.0 0.0 
76.125 0.0 0.0 0.0 0.0 0.0 0.0 
76.375 0.0 0.0 0.0 0.0 0.0 0.0 
76.625 0.0 0.0 0.0 0.0 0.0 0.0 
76.875 0.0 0.0 0.0 0.0 0.0 0.0 
77.125 0.0 0.0 0.0 0.0 0.0 0.0 
77.375 0.0 0.0 0.0 0.0 0.0 0.0 
77.625 0.0 0.0 0.0 0.0 0.0 0.0 
77.875 0.0 4.33824e-09 0.0 0.0 0.0 0.0 
78.125 0.0 0.0 0.0 0.0 0.0 0.0 
78.375 0.0 0.0 0.0 0.0 0.0 0.0 
78.625 0.0 0.0 0.0 0.0 0.0 0.0 
78.875 0.0 0.0 0.0 0.0 0.0 0.0 
79.125 0.0 0.0 0.0 0.0 0.0 0.0 
79.375 0.0 0.0 0.0 0.0 0.0 0.0 
79.625 0.0 0.0 0.0 0.0 0.0 0.0 
79.875 0.0 0.0 0.0 0.0 0.0 0.0 
80.125 0.0 0.0 0.0 0.0 0.0 0.0 
80.375 0.0 0.0 0.0 0.0 0.0 0.0 
80.625 0.0 7.48536e-09 0.0 0.0 0.0 0.0 
80.875 0.0 0.0 0.0 0.0 0.0 0.0 
81.125 0.0 0.0 0.0 0.0 0.0 0.0 
81.375 0.0 0.0 0.0 0.0 0.0 0.0 
81.625 0.0 0.0 0.0 0.0 0.0 0.0 
81.875 0.0 0.0 0.0 0.0 0.0 0.0 
82.125 0.0 5.34828e-09 0.0 0.0 0.0 0.0 
82.375 0.0 5.05604e-09 0.0 0.0 0.0 0.0 
82.625 0.0 6.63664e-09 0.0 0.0 0.0 0.0 
82.875 0.0 0.0 0.0 0.0 0.0 0.0 
83.125 0.0 0.0 0.0 0.0 0.0 0.0 
83.375 0.0 0.0 0.0 0.0 0.0 0.0 
83.625 0.0 5.23148e-09 0.0 0.0 0.0 0.0 
83.875 0.0 0.0 0.0 0.0 0.0 0.0 
84.125 0.0 1.056272e-08 0.0 0.0 0.0 0.0 
84.375 0.0 0.0 0.0 0.0 0.0 0.0 
84.625 0.0 0.0 0.0 0.0 0.0 0.0 
84.875 0.0 0.0 0.0 0.0 0.0 0.0 
85.125 0.0 0.0 0.0 0.0 0.0 0.0 
85.375 0.0 0.0 0.0 0.0 0.0 0.0 
85.625 0.0 6.096e-09 0.0 0.0 0.0 0.0 
85.875 0.0 0.0 0.0 0.0 0.0 0.0 
86.125 0.0 0.0 0.0 0.0 0.0 0.0 
86.375 0.0 0.0 0.0 0.0 0.0 0.0 
86.625 0.0 0.0 0.0 0.0 0.0 0.0 
86.875 0.0 0.0 0.0 0.0 0.0 0.0 
87.125 0.0 0.0 0.0 0.0 0.0 0.0 
87.375 0.0 0.0 0.0 0.0 0.0 0.0 
87.625 0.0 0.0 0.0 0.0 0.0 0.0 
87.875 0.0 0.0 0.0 0.0 0.0 0.0 
88.125 0.0 1.186908e-08 0.0 0.0 0.0 0.0 
88.375 0.0 0.0 0.0 0.0 0.0 0.0 
88.625 0.0 0.0 0.0 0.0 0.0 0.0 
88.875 0.0 0.0 0.0 0.0 0.0 0.0 
89.125 0.0 0.0 0.0 0.0 0.0 0.0 
89.375 0.0 0.0 0.0 0.0 0.0 0.0 
89.625 0.0 0.0 0.0 0.0 0.0 0.0 
89.875 0.0 0.0 0.0 0.0 0.0 0.0 
90.125 0.0 0.0 0.0 0.0 0.0 0.0 
90.375 0.0 0.0 0.0 0.0 0.0 0.0 
90.625 0.0 0.0 0.0 0.0 0.0 0.0 
90.875 0.0 0.0 0.0 0.0 0.0 0.0 
91.125 0.0 0.0 0.0 0.0 0.0 0.0 
91.375 0.0 0.0 0.0 0.0 0.0 0.0 
91.625 0.0 0.0 0.0 0.0 0.0 0.0 
91.875 0.0 0.0 0.0 0.0 0.0 0.0 
92.125 0.0 0.0 0.0 0.0 0.0 0.0 
92.375 0.0 0.0 0.0 0.0 0.0 0.0 
92.625 0.0 0.0 0.0 0.0 0.0 0.0 
92.875 0.0 0.0 0.0 0.0 0.0 0.0 
93.125 0.0 0.0 0.0 0.0 0.0 0.0 
93.375 0.0 0.0 0.0 0.0 0.0 0.0 
93.625 0.0 0.0 0.0 0.0 0.0 0.0 
93.875 0.0 0.0 0.0 0.0 0.0 0.0 
94.125 0.0 0.0 0.0 0.0 0.0 0.0 
94.375 0.0 0.0 0.0 0.0 0.0 0.0 
94.625 0.0 0.0 0.0 0.0 0.0 0.0 
94.875 0.0 0.0 0.0 0.0 0.0 0.0 
95.125 0.0 0.0 0.0 0.0 0.0 0.0 
95.375 0.0 0.0 0.0 0.0 0.0 0.0 
95.625 0.0 0.0 0.0 0.0 0.0 0.0 
95.875 0.0 0.0 0.0 0.0 0.0 0.0 
96.125 0.0 0.0 0.0 0.0 0.0 0.0 
96.375 0.0 0.0 0.0 0.0 0.0 0.0 
96.625 0.0 0.0 0.0 0.0 0.0 0.0 
96.875 0.0 0.0 0.0 0.0 0.0 0.0 
97.125 0.0 0.0 0.0 0.0 0.0 0.0 
97.375 0.0 0.0 0.0 0.0 0.0 0.0 
97.625 0.0 0.0 0.0 0.0 0.0 0.0 
97.875 0.0 0.0 0.0 0.0 0.0 0.0 
98.125 0.0 0.0 0.0 0.0 0.0 0.0 
98.375 0.0 0.0 0.0 0.0 0.0 0.0 
98.625 0.0 0.0 0.0 0.0 0.0 0.0 
98.875 0.0 0.0 0.0 0.0 0.0 0.0 
99.125 0.0 0.0 0.0 0.0 0.0 0.0 
99.375 0.0 0.0 0.0 0.0 0.0 0.0 
99.625 0.0 0.0 0.0 0.0 0.0 0.0 
99.875 0.0 0.0 0.0 0.0 0.0 0.0 
100.125 0.0 0.0 0.0 0.0 0.0 0.0 
100.375 0.0 0.0 0.0 0.0 0.0 0.0 
100.625 0.0 0.0 0.0 0.0 0.0 0.0 
100.875 0.0 0.0 0.0 0.0 0.0 0.0 
101.125 0.0 0.0 0.0 0.0 0.0 0.0 
101.375 0.0 0.0 0.0 0.0 0.0 0.0 
101.625 0.0 0.0 0.0 0.0 0.0 0.0 
101.875 0.0 0.0 0.0 0.0 0.0 0.0 
102.125 0.0 0.0 0.0 0.0 0.0 0.0 
102.375 0.0 0.0 0.0 0.0 0.0 0.0 
102.625 0.0 0.0 0.0 0.0 0.0 0.0 
102.875 0.0 0.0 0.0 0.0 0.0 0.0 
103.125 0.0 0.0 0.0 0.0 0.0 0.0 
103.375 0.0 0.0 0.0 0.0 0.0 0.0 
103.625 0.0 0.0 0.0 0.0 0.0 0.0 
103.875 0.0 0.0 0.0 0.0 0.0 0.0 
104.125 0.0 0.0 0.0 0.0 0.0 0.0 
104.375 0.0 0.0 0.0 0.0 0.0 0.0 
104.625 0.0 0.0 0.0 0.0 0.0 0.0 
104.875 0.0 0.0 0.0 0.0 0.0 0.0 
105.125 0.0 0.0 0.0 0.0 0.0 0.0 
105.375 0.0 0.0 0.0 0.0 0.0 0.0 
105.625 0.0 0.0 0.0 0.0 0.0 0.0 
105.875 0.0 0.0 0.0 0.0 0.0 0.0 
106.125 0.0 0.0 0.0 0.0 0.0 0.0 
106.375 0.0 0.0 0.0 0.0 0.0 0.0 
106.625 0.0 0.0 0.0 0.0 0.0 0.0 
106.875 0.0 0.0 0.0 0.0 0.0 0.0 
107.125 0.0 0.0 0.0 0.0 0.0 0.0 
107.375 0.0 0.0 0.0 0.0 0.0 0.0 
107.625 0.0 0.0 0.0 0.0 0.0 0.0 
107.875 0.0 0.0 0.0 0.0 0.0 0.0 
108.125 0.0 0.0 0.0 0.0 0.0 0.0 
108.375 0.0 0.0 0.0 0.0 0.0 0.0 
108.625 0.0 0.0 0.0 0.0 0.0 0.0 
108.875 0.0 0.0 0.0 0.0 0.0 0.0 
109.125 0.0 0.0 0.0 0.0 0.0 0.0 
109.375 0.0 0.0 0.0 0.0 0.0 0.0 
109.625 0.0 0.0 0.0 0.0 0.0 0.0 
109.875 0.0 0.0 0.0 0.0 0.0 0.0 
110.125 0.0 0.0 0.0 0.0 0.0 0.0 
110.375 0.0 0.0 0.0 0.0 0.0 0.0 
110.625 0.0 0.0 0.0 0.0 0.0 0.0 
110.875 0.0 0.0 0.0 0.0 0.0 0.0 
111.125 0.0 0.0 0.0 0.0 0.0 0.0 
111.375 0.0 0.0 0.0 0.0 0.0 0.0 
111.625 0.0 0.0 0.0 0.0 0.0 0.0 
111.875 0.0 0.0 0.0 0.0 0.0 0.0 
112.125 0.0 0.0 0.0 0.0 0.0 0.0 
112.375 0.0 0.0 0.0 0.0 0.0 0.0 
112.625 0.0 0.0 0.0 0.0 0.0 0.0 
112.875 0.0 0.0 0.0 0.0 0.0 0.0 
113.125 0.0 0.0 0.0 0.0 0.0 0.0 
113.375 0.0 0.0 0.0 0.0 0.0 0.0 
113.625 0.0 0.0 0.0 0.0 0.0 0.0 
113.875 0.0 0.0 0.0 0.0 0.0 0.0 
114.125 0.0 0.0 0.0 0.0 0.0 0.0 
114.375 0.0 0.0 0.0 0.0 0.0 0.0 
114.625 0.0 0.0 0.0 0.0 0.0 0.0 
114.875 0.0 0.0 0.0 0.0 0.0 0.0 
115.125 0.0 0.0 0.0 0.0 0.0 0.0 
115.375 0.0 0.0 0.0 0.0 0.0 0.0 
115.625 0.0 0.0 0.0 0.0 0.0 0.0 
115.875 0.0 0.0 0.0 0.0 0.0 0.0 
116.125 0.0 0.0 0.0 0.0 0.0 0.0 
116.375 0.0 0.0 0.0 0.0 0.0 0.0 
116.625 0.0 0.0 0.0 0.0 0.0 0.0 
116.875 0.0 0.0 0.0 0.0 0.0 0.0 
117.125 0.0 0.0 0.0 0.0 0.0 0.0 
117.375 0.0 0.0 0.0 0.0 0.0 0.0 
117.625 0.0 0.0 0.0 0.0 0.0 0.0 
117.875 0.0 0.0 0.0 0.0 0.0 0.0 
118.125 0.0 0.0 0.0 0.0 0.0 0.0 
118.375 0.0 0.0 0.0 0.0 0.0 0.0 
118.625 0.0 0.0 0.0 0.0 0.0 0.0 
118.875 0.0 0.0 0.0 0.0 0.0 0.0 
119.125 0.0 0.0 0.0 0.0 0.0 0.0 
119.375 0.0 0.0 0.0 0.0 0.0 0.0 
119.625 0.0 0.0 0.0 0.0 0.0 0.0 
119.875 0.0 0.0 0.0 0.0 0.0 0.0 
120.125 0.0 0.0 0.0 0.0 0.0 0.0 
120.375 0.0 0.0 0.0 0.0 0.0 0.0 
120.625 0.0 0.0 0.0 0.0 0.0 0.0 
120.875 0.0 0.0 0.0 0.0 0.0 0.0 
121.125 0.0 0.0 0.0 0.0 0.0 0.0 
121.375 0.0 0.0 0.0 0.0 0.0 0.0 
121.625 0.0 0.0 0.0 0.0 0.0 0.0 
121.875 0.0 0.0 0.0 0.0 0.0 0.0 
122.125 0.0 0.0 0.0 0.0 0.0 0.0 
122.375 0.0 0.0 0.0 0.0 0.0 0.0 
122.625 0.0 0.0 0.0 0.0 0.0 0.0 
122.875 0.0 0.0 0.0 0.0 0.0 0.0 
123.125 0.0 0.0 0.0 0.0 0.0 0.0 
123.375 0.0 0.0 0.0 0.0 0.0 0.0 
123.625 0.0 0.0 0.0 0.0 0.0 0.0 
123.875 0.0 0.0 0.0 0.0 0.0 0.0 
124.125 0.0 0.0 0.0 0.0 0.0 0.0 
124.375 0.0 0.0 0.0 0.0 0.0 0.0 
124.625 0.0 0.0 0.0 0.0 0.0 0.0 
124.875 0.0 0.0 0.0 0.0 0.0 0.0 
125.125 0.0 0.0 0.0 0.0 0.0 0.0 
