                        Flux (/cm^2/1E21p.o.t/50MeV)
Bin#    Energy (GeV)    numu            anti numu       nue             anti nue
                                                                                 
1        0.00  0.05     2.19e+10        1.65e+10        5.45e+07        2.73e+08
2        0.05  0.10     7.07e+10        6.81e+10        2.30e+08        1.57e+09
3        0.10  0.15     5.51e+10        1.37e+11        4.14e+08        3.32e+09
4        0.15  0.20     4.70e+10        2.10e+11        5.58e+08        4.84e+09
5        0.20  0.25     4.60e+10        3.24e+11        6.78e+08        6.16e+09
6        0.25  0.30     4.49e+10        4.66e+11        7.81e+08        7.04e+09
7        0.30  0.35     4.61e+10        6.52e+11        8.65e+08        7.82e+09
8        0.35  0.40     4.71e+10        8.51e+11        8.98e+08        8.20e+09
9        0.40  0.45     4.81e+10        1.06e+12        9.13e+08        8.25e+09
10       0.45  0.50     4.95e+10        1.30e+12        9.18e+08        8.25e+09
11       0.50  0.55     4.97e+10        1.42e+12        9.26e+08        7.98e+09
12       0.55  0.60     4.90e+10        1.42e+12        9.19e+08        7.54e+09
13       0.60  0.65     5.01e+10        1.33e+12        9.06e+08        7.09e+09
14       0.65  0.70     4.65e+10        1.18e+12        8.87e+08        6.64e+09
15       0.70  0.75     4.35e+10        9.94e+11        8.55e+08        5.99e+09
16       0.75  0.80     3.73e+10        7.82e+11        8.21e+08        5.36e+09
17       0.80  0.85     3.97e+10        5.75e+11        8.13e+08        4.90e+09
18       0.85  0.90     3.72e+10        4.12e+11        7.82e+08        4.37e+09
19       0.90  0.95     3.36e+10        2.97e+11        7.75e+08        3.74e+09
20       0.95  1.00     3.12e+10        2.20e+11        7.38e+08        3.45e+09
21       1.00  1.05     3.16e+10        1.70e+11        7.36e+08        3.04e+09
22       1.05  1.10     2.69e+10        1.43e+11        6.95e+08        2.65e+09
23       1.10  1.15     2.57e+10        1.20e+11        6.67e+08        2.30e+09
24       1.15  1.20     2.47e+10        9.73e+10        6.74e+08        2.16e+09
25       1.20  1.25     2.23e+10        8.67e+10        6.41e+08        1.85e+09
26       1.25  1.30     2.24e+10        7.37e+10        6.19e+08        1.65e+09
27       1.30  1.35     2.20e+10        6.78e+10        6.18e+08        1.52e+09
28       1.35  1.40     1.95e+10        6.23e+10        5.92e+08        1.40e+09
29       1.40  1.45     1.98e+10        5.34e+10        5.96e+08        1.31e+09
30       1.45  1.50     1.82e+10        4.83e+10        5.85e+08        1.16e+09
31       1.50  1.55     1.64e+10        4.32e+10        5.52e+08        1.05e+09
32       1.55  1.60     1.64e+10        3.98e+10        5.73e+08        1.04e+09
33       1.60  1.65     1.46e+10        3.62e+10        5.61e+08        9.51e+08
34       1.65  1.70     1.45e+10        3.64e+10        5.33e+08        9.24e+08
35       1.70  1.75     1.39e+10        3.26e+10        5.34e+08        9.05e+08
36       1.75  1.80     1.44e+10        3.08e+10        5.11e+08        7.97e+08
37       1.80  1.85     1.31e+10        2.85e+10        5.05e+08        8.28e+08
38       1.85  1.90     1.32e+10        2.56e+10        4.72e+08        7.46e+08
39       1.90  1.95     1.15e+10        2.22e+10        4.96e+08        7.06e+08
40       1.95  2.00     1.03e+10        2.23e+10        4.65e+08        7.22e+08
41       2.00  2.05     1.05e+10        2.18e+10        4.67e+08        6.76e+08
42       2.05  2.10     8.82e+09        1.98e+10        4.36e+08        6.98e+08
43       2.10  2.15     8.76e+09        1.80e+10        4.67e+08        6.46e+08
44       2.15  2.20     9.19e+09        1.67e+10        4.20e+08        6.33e+08
45       2.20  2.25     9.85e+09        1.54e+10        4.05e+08        6.20e+08
46       2.25  2.30     9.15e+09        1.36e+10        4.00e+08        5.82e+08
47       2.30  2.35     8.20e+09        1.34e+10        4.02e+08        5.74e+08
48       2.35  2.40     8.14e+09        1.32e+10        3.89e+08        5.43e+08
49       2.40  2.45     7.78e+09        1.28e+10        3.75e+08        5.28e+08
50       2.45  2.50     7.63e+09        1.18e+10        3.62e+08        5.10e+08
51       2.50  2.55     6.35e+09        1.12e+10        3.62e+08        4.95e+08
52       2.55  2.60     6.61e+09        1.12e+10        3.34e+08        5.12e+08
53       2.60  2.65     6.08e+09        1.04e+10        3.16e+08        4.50e+08
54       2.65  2.70     6.48e+09        1.02e+10        3.28e+08        4.78e+08
55       2.70  2.75     6.32e+09        9.98e+09        3.15e+08        4.20e+08
56       2.75  2.80     5.93e+09        1.04e+10        2.99e+08        4.29e+08
57       2.80  2.85     5.49e+09        8.45e+09        2.98e+08        4.27e+08
58       2.85  2.90     5.03e+09        9.11e+09        2.96e+08        3.68e+08
59       2.90  2.95     5.41e+09        8.15e+09        2.74e+08        3.99e+08
60       2.95  3.00     5.66e+09        8.14e+09        2.68e+08        3.94e+08
61       3.00  3.05     4.78e+09        7.63e+09        2.72e+08        3.37e+08
62       3.05  3.10     4.97e+09        7.64e+09        2.85e+08        3.31e+08
63       3.10  3.15     4.36e+09        7.33e+09        2.56e+08        3.23e+08
64       3.15  3.20     4.51e+09        6.66e+09        2.42e+08        3.03e+08
65       3.20  3.25     4.34e+09        6.38e+09        2.39e+08        2.89e+08
66       3.25  3.30     4.46e+09        7.26e+09        2.23e+08        2.92e+08
67       3.30  3.35     3.71e+09        6.24e+09        2.58e+08        2.67e+08
68       3.35  3.40     3.98e+09        6.33e+09        2.22e+08        2.62e+08
69       3.40  3.45     3.65e+09        6.20e+09        2.06e+08        2.55e+08
70       3.45  3.50     3.13e+09        5.72e+09        2.08e+08        2.43e+08
71       3.50  3.55     3.40e+09        5.62e+09        2.01e+08        2.26e+08
72       3.55  3.60     3.17e+09        5.15e+09        1.98e+08        2.23e+08
73       3.60  3.65     3.19e+09        5.43e+09        1.92e+08        2.13e+08
74       3.65  3.70     3.21e+09        5.12e+09        1.93e+08        2.10e+08
75       3.70  3.75     3.22e+09        4.94e+09        1.78e+08        1.93e+08
76       3.75  3.80     2.71e+09        4.87e+09        1.67e+08        1.86e+08
77       3.80  3.85     2.95e+09        4.54e+09        1.68e+08        1.75e+08
78       3.85  3.90     3.11e+09        4.61e+09        1.69e+08        1.68e+08
79       3.90  3.95     2.67e+09        4.30e+09        1.53e+08        1.58e+08
80       3.95  4.00     2.74e+09        4.35e+09        1.62e+08        1.68e+08
81       4.00  4.05     2.69e+09        4.48e+09        1.40e+08        1.52e+08
82       4.05  4.10     2.61e+09        3.90e+09        1.45e+08        1.38e+08
83       4.10  4.15     2.08e+09        3.83e+09        1.45e+08        1.42e+08
84       4.15  4.20     2.40e+09        3.84e+09        1.31e+08        1.46e+08
85       4.20  4.25     2.72e+09        3.89e+09        1.29e+08        1.28e+08
86       4.25  4.30     2.32e+09        3.75e+09        1.23e+08        1.16e+08
87       4.30  4.35     2.24e+09        3.30e+09        1.20e+08        1.19e+08
88       4.35  4.40     2.07e+09        3.35e+09        1.17e+08        1.17e+08
89       4.40  4.45     1.61e+09        3.29e+09        1.39e+08        1.08e+08
90       4.45  4.50     1.63e+09        3.23e+09        1.20e+08        1.05e+08
91       4.50  4.55     1.97e+09        2.98e+09        1.12e+08        1.04e+08
92       4.55  4.60     1.50e+09        2.97e+09        1.06e+08        9.26e+07
93       4.60  4.65     1.96e+09        3.16e+09        1.08e+08        9.68e+07
94       4.65  4.70     1.71e+09        2.90e+09        1.09e+08        9.94e+07
95       4.70  4.75     1.72e+09        2.85e+09        1.03e+08        8.49e+07
96       4.75  4.80     1.72e+09        2.24e+09        9.91e+07        8.14e+07
97       4.80  4.85     1.55e+09        2.47e+09        9.76e+07        7.73e+07
98       4.85  4.90     1.84e+09        2.47e+09        1.06e+08        7.97e+07
99       4.90  4.95     1.97e+09        2.16e+09        8.59e+07        7.24e+07
100      4.95  5.00     1.81e+09        2.19e+09        7.80e+07        6.36e+07
101      5.00  5.05     1.43e+09        2.13e+09        9.03e+07        7.45e+07
102      5.05  5.10     1.64e+09        1.92e+09        8.09e+07        6.51e+07
103      5.10  5.15     1.48e+09        1.84e+09        7.81e+07        1.08e+08
104      5.15  5.20     1.43e+09        1.94e+09        7.63e+07        6.09e+07
105      5.20  5.25     1.62e+09        1.57e+09        7.98e+07        5.95e+07
106      5.25  5.30     1.34e+09        1.62e+09        7.34e+07        5.36e+07
107      5.30  5.35     1.09e+09        1.57e+09        7.24e+07        4.63e+07
108      5.35  5.40     1.31e+09        1.59e+09        6.55e+07        4.89e+07
109      5.40  5.45     1.48e+09        1.36e+09        7.03e+07        4.98e+07
110      5.45  5.50     1.17e+09        1.41e+09        6.54e+07        5.08e+07
111      5.50  5.55     1.15e+09        1.40e+09        6.83e+07        4.40e+07
112      5.55  5.60     1.08e+09        1.27e+09        6.09e+07        4.88e+07
113      5.60  5.65     1.16e+09        1.28e+09        5.94e+07        4.10e+07
114      5.65  5.70     1.34e+09        1.06e+09        5.14e+07        4.15e+07
115      5.70  5.75     1.16e+09        1.04e+09        5.90e+07        3.79e+07
116      5.75  5.80     1.12e+09        1.18e+09        5.47e+07        3.31e+07
117      5.80  5.85     1.16e+09        9.85e+08        4.77e+07        3.79e+07
118      5.85  5.90     9.95e+08        9.36e+08        4.92e+07        3.39e+07
119      5.90  5.95     1.04e+09        1.11e+09        4.87e+07        3.77e+07
120      5.95  6.00     1.04e+09        8.44e+08        4.93e+07        2.85e+07
121      6.00  6.05     8.98e+08        1.06e+09        4.01e+07        3.56e+07
122      6.05  6.10     9.47e+08        9.25e+08        4.30e+07        3.48e+07
123      6.10  6.15     1.18e+09        1.01e+09        8.78e+07        2.75e+07
124      6.15  6.20     7.90e+08        7.60e+08        4.20e+07        2.43e+07
125      6.20  6.25     1.15e+09        8.94e+08        3.45e+07        2.78e+07
126      6.25  6.30     8.34e+08        7.06e+08        4.50e+07        2.25e+07
127      6.30  6.35     8.95e+08        6.97e+08        3.79e+07        2.08e+07
128      6.35  6.40     9.10e+08        8.14e+08        3.38e+07        2.38e+07
129      6.40  6.45     8.84e+08        7.42e+08        3.40e+07        2.63e+07
130      6.45  6.50     9.09e+08        7.21e+08        3.06e+07        2.31e+07
131      6.50  6.55     1.07e+09        6.21e+08        3.35e+07        2.08e+07
132      6.55  6.60     7.30e+08        6.56e+08        3.51e+07        2.13e+07
133      6.60  6.65     7.26e+08        5.69e+08        2.69e+07        2.03e+07
134      6.65  6.70     7.71e+08        5.17e+08        3.13e+07        2.01e+07
135      6.70  6.75     7.12e+08        5.01e+08        2.98e+07        2.04e+07
136      6.75  6.80     7.34e+08        4.90e+08        2.47e+07        1.80e+07
137      6.80  6.85     6.11e+08        4.56e+08        3.10e+07        1.16e+07
138      6.85  6.90     7.64e+08        4.82e+08        2.37e+07        1.58e+07
139      6.90  6.95     5.72e+08        4.54e+08        2.87e+07        1.53e+07
140      6.95  7.00     7.79e+08        4.25e+08        2.57e+07        1.50e+07
141      7.00  7.05     6.31e+08        4.44e+08        2.50e+07        1.14e+07
142      7.05  7.10     7.69e+08        3.73e+08        2.30e+07        1.20e+07
143      7.10  7.15     7.67e+08        4.20e+08        2.56e+07        1.11e+07
144      7.15  7.20     6.77e+08        3.69e+08        2.44e+07        9.99e+06
145      7.20  7.25     6.02e+08        3.96e+08        2.61e+07        1.41e+07
146      7.25  7.30     5.31e+08        3.00e+08        2.60e+07        1.20e+07
147      7.30  7.35     5.53e+08        3.11e+08        2.71e+07        1.21e+07
148      7.35  7.40     5.84e+08        3.59e+08        1.56e+07        1.24e+07
149      7.40  7.45     5.31e+08        3.40e+08        2.02e+07        7.79e+06
150      7.45  7.50     5.23e+08        3.40e+08        1.84e+07        1.45e+07
151      7.50  7.55     4.87e+08        3.27e+08        1.66e+07        1.23e+07
152      7.55  7.60     7.37e+08        2.73e+08        2.16e+07        8.89e+06
153      7.60  7.65     5.25e+08        3.44e+08        1.98e+07        1.04e+07
154      7.65  7.70     4.54e+08        2.75e+08        1.61e+07        9.71e+06
155      7.70  7.75     4.86e+08        3.10e+08        1.30e+07        1.01e+07
156      7.75  7.80     4.51e+08        2.38e+08        2.33e+07        8.79e+06
157      7.80  7.85     4.49e+08        2.61e+08        1.74e+07        7.64e+06
158      7.85  7.90     4.65e+08        2.66e+08        1.13e+07        1.20e+07
159      7.90  7.95     5.09e+08        2.49e+08        1.55e+07        3.60e+06
160      7.95  8.00     4.38e+08        2.10e+08        1.23e+07        1.04e+07
161      8.00  8.05     4.79e+08        2.65e+08        1.61e+07        1.47e+07
162      8.05  8.10     4.56e+08        2.13e+08        1.33e+07        7.30e+06
163      8.10  8.15     4.54e+08        2.08e+08        1.29e+07        8.15e+06
164      8.15  8.20     5.16e+08        3.73e+08        1.14e+07        5.11e+06
165      8.20  8.25     3.99e+08        3.52e+08        9.88e+06        5.57e+06
166      8.25  8.30     3.57e+08        1.84e+08        1.11e+07        6.90e+06
167      8.30  8.35     3.82e+08        2.09e+08        1.57e+07        1.83e+06
168      8.35  8.40     3.63e+08        1.95e+08        1.32e+07        6.12e+06
169      8.40  8.45     4.58e+08        1.68e+08        1.20e+07        4.74e+06
170      8.45  8.50     3.73e+08        1.90e+08        7.46e+06        4.94e+06
171      8.50  8.55     3.90e+08        1.70e+08        1.17e+07        6.66e+06
172      8.55  8.60     3.53e+08        1.57e+08        1.33e+07        5.42e+06
173      8.60  8.65     4.09e+08        1.57e+08        1.32e+07        5.09e+06
174      8.65  8.70     3.80e+08        1.43e+08        8.74e+06        7.07e+06
175      8.70  8.75     3.63e+08        1.95e+08        8.86e+06        3.19e+06
176      8.75  8.80     3.55e+08        1.28e+08        1.35e+07        3.35e+06
177      8.80  8.85     3.00e+08        1.54e+08        8.08e+06        3.94e+06
178      8.85  8.90     3.19e+08        1.23e+08        8.65e+06        6.58e+06
179      8.90  8.95     3.36e+08        1.46e+08        4.69e+06        5.51e+06
180      8.95  9.00     2.94e+08        1.40e+08        7.32e+06        4.13e+06
181      9.00  9.05     3.18e+08        1.19e+08        5.28e+06        1.89e+06
182      9.05  9.10     3.05e+08        8.44e+07        7.53e+06        9.65e+04
183      9.10  9.15     3.12e+08        1.16e+08        9.28e+06        4.31e+05
184      9.15  9.20     3.25e+08        1.15e+08        5.85e+06        5.32e+06
185      9.20  9.25     2.60e+08        1.08e+08        6.26e+06        1.43e+06
186      9.25  9.30     2.42e+08        1.27e+08        6.02e+06        3.49e+05
187      9.30  9.35     2.77e+08        1.02e+08        6.96e+06        3.41e+06
188      9.35  9.40     3.08e+08        7.80e+07        9.19e+06        3.37e+06
189      9.40  9.45     3.01e+08        1.03e+08        3.73e+06        4.90e+06
190      9.45  9.50     2.57e+08        9.97e+07        5.69e+06        1.38e+06
191      9.50  9.55     2.72e+08        7.63e+07        8.07e+06        1.61e+06
192      9.55  9.60     2.31e+08        7.55e+07        6.28e+06        5.32e+05
193      9.60  9.65     2.64e+08        7.12e+07        1.06e+07        5.66e+06
194      9.65  9.70     2.36e+08        9.63e+07        4.76e+06        6.24e+05
195      9.70  9.75     2.49e+08        7.28e+07        5.34e+06        1.14e+05
196      9.75  9.80     2.22e+08        6.15e+07        5.85e+06        5.10e+05
197      9.80  9.85     2.39e+08        8.71e+07        1.64e+06        1.32e+06
198      9.85  9.90     2.65e+08        6.96e+07        3.37e+06        4.21e+05
199      9.90  9.95     2.00e+08        4.10e+07        3.69e+06        1.52e+06
200      9.95 10.00     2.10e+08        3.81e+07        1.26e+07        3.33e+05
201     10.00 11.00     1.92e+08        4.31e+07        3.28e+06        1.60e+06
202     11.00 12.00     1.35e+08        2.22e+07        1.30e+06        7.34e+05
203     12.00 13.00     8.58e+07        1.27e+07        9.43e+05        3.58e+05
204     13.00 14.00     5.88e+07        5.72e+06        2.71e+05        3.64e+05
205     14.00 15.00     4.31e+07        2.35e+06        4.75e+04        0.00e+00
206     15.00 16.00     2.76e+07        2.05e+06        1.08e+05        0.00e+00
207     16.00 17.00     1.17e+07        1.12e+05        6.68e+04        0.00e+00
208     17.00 18.00     1.07e+07        2.15e+05        0.00e+00        0.00e+00
209     18.00 19.00     6.21e+06        0.00e+00        8.29e+03        0.00e+00
210     19.00 20.00     2.49e+06        0.00e+00        0.00e+00        0.00e+00
211     20.00 21.00     1.09e+06        0.00e+00        0.00e+00        0.00e+00
212     21.00 22.00     4.18e+05        0.00e+00        0.00e+00        0.00e+00
213     22.00 23.00     0.00e+00        0.00e+00        0.00e+00        0.00e+00
214     23.00 24.00     0.00e+00        0.00e+00        0.00e+00        0.00e+00
215     24.00 25.00     0.00e+00        0.00e+00        0.00e+00        0.00e+00
216     25.00 26.00     0.00e+00        0.00e+00        0.00e+00        0.00e+00
217     26.00 27.00     0.00e+00        0.00e+00        0.00e+00        0.00e+00
218     27.00 28.00     0.00e+00        0.00e+00        0.00e+00        0.00e+00
219     28.00 29.00     0.00e+00        0.00e+00        0.00e+00        0.00e+00
220     29.00 30.00     0.00e+00        0.00e+00        0.00e+00        0.00e+00
