                        Flux (/cm^2/1E21p.o.t/50MeV)
Bin#    Energy (GeV)    numu            anti-numu       nue             anti-nue
---------------------------------------------------------------------------------
1        0.00- 0.05     1.73e+04        1.23e+04        3.82e+01        1.61e+02
2        0.05- 0.10     5.60e+04        5.25e+04        1.60e+02        9.08e+02
3        0.10- 0.15     4.15e+04        1.10e+05        2.88e+02        1.95e+03
4        0.15- 0.20     3.22e+04        1.70e+05        4.02e+02        2.88e+03
5        0.20- 0.25     3.06e+04        2.51e+05        4.99e+02        3.60e+03
6        0.25- 0.30     3.00e+04        3.41e+05        5.85e+02        4.18e+03
7        0.30- 0.35     3.05e+04        4.42e+05        6.44e+02        4.55e+03
8        0.35- 0.40     3.25e+04        5.40e+05        6.80e+02        4.82e+03
9        0.40- 0.45     3.33e+04        6.43e+05        7.02e+02        4.86e+03
10       0.45- 0.50     3.34e+04        7.77e+05        7.12e+02        4.89e+03
11       0.50- 0.55     3.44e+04        9.44e+05        7.23e+02        4.79e+03
12       0.55- 0.60     3.37e+04        1.04e+06        7.02e+02        4.63e+03
13       0.60- 0.65     3.45e+04        1.02e+06        6.98e+02        4.37e+03
14       0.65- 0.70     3.24e+04        9.30e+05        6.77e+02        4.07e+03
15       0.70- 0.75     3.06e+04        7.27e+05        6.63e+02        3.79e+03
16       0.75- 0.80     2.79e+04        5.02e+05        6.41e+02        3.45e+03
17       0.80- 0.85     2.60e+04        3.25e+05        6.29e+02        3.21e+03
18       0.85- 0.90     2.49e+04        2.04e+05        6.08e+02        2.90e+03
19       0.90- 0.95     2.36e+04        1.41e+05        5.96e+02        2.63e+03
20       0.95- 1.00     2.36e+04        1.03e+05        5.73e+02        2.36e+03
21       1.00- 1.05     2.10e+04        8.27e+04        5.52e+02        2.06e+03
22       1.05- 1.10     2.02e+04        6.69e+04        5.46e+02        1.86e+03
23       1.10- 1.15     1.90e+04        5.72e+04        5.27e+02        1.67e+03
24       1.15- 1.20     1.75e+04        4.79e+04        5.14e+02        1.45e+03
25       1.20- 1.25     1.67e+04        4.24e+04        5.11e+02        1.33e+03
26       1.25- 1.30     1.53e+04        3.59e+04        4.95e+02        1.15e+03
27       1.30- 1.35     1.45e+04        3.32e+04        4.81e+02        1.05e+03
28       1.35- 1.40     1.35e+04        2.81e+04        4.61e+02        9.65e+02
29       1.40- 1.45     1.22e+04        2.62e+04        4.56e+02        8.80e+02
30       1.45- 1.50     1.17e+04        2.38e+04        4.47e+02        8.42e+02
31       1.50- 1.55     1.10e+04        2.19e+04        4.35e+02        7.70e+02
32       1.55- 1.60     1.10e+04        1.94e+04        4.25e+02        7.26e+02
33       1.60- 1.65     9.75e+03        1.79e+04        4.18e+02        6.82e+02
34       1.65- 1.70     9.54e+03        1.63e+04        3.95e+02        6.59e+02
35       1.70- 1.75     9.12e+03        1.50e+04        3.99e+02        6.17e+02
36       1.75- 1.80     8.51e+03        1.41e+04        3.80e+02        5.99e+02
37       1.80- 1.85     9.02e+03        1.32e+04        3.71e+02        5.69e+02
38       1.85- 1.90     8.02e+03        1.19e+04        3.65e+02        5.37e+02
39       1.90- 1.95     7.39e+03        1.11e+04        3.57e+02        5.48e+02
40       1.95- 2.00     7.35e+03        1.07e+04        3.42e+02        5.06e+02
41       2.00- 2.05     6.64e+03        9.85e+03        3.36e+02        5.00e+02
42       2.05- 2.10     6.70e+03        9.54e+03        3.32e+02        4.80e+02
43       2.10- 2.15     6.40e+03        8.70e+03        3.21e+02        4.81e+02
44       2.15- 2.20     6.05e+03        8.42e+03        3.05e+02        4.46e+02
45       2.20- 2.25     6.17e+03        7.87e+03        3.01e+02        4.33e+02
46       2.25- 2.30     6.02e+03        7.57e+03        2.99e+02        4.27e+02
47       2.30- 2.35     5.28e+03        6.94e+03        2.90e+02        4.12e+02
48       2.35- 2.40     4.99e+03        6.74e+03        2.79e+02        3.95e+02
49       2.40- 2.45     5.14e+03        6.32e+03        2.77e+02        3.83e+02
50       2.45- 2.50     5.08e+03        6.20e+03        2.63e+02        3.69e+02
51       2.50- 2.55     4.53e+03        5.94e+03        2.64e+02        3.60e+02
52       2.55- 2.60     4.43e+03        5.75e+03        2.55e+02        3.49e+02
53       2.60- 2.65     4.26e+03        5.77e+03        2.45e+02        3.36e+02
54       2.65- 2.70     4.26e+03        5.54e+03        2.40e+02        3.25e+02
55       2.70- 2.75     4.07e+03        5.09e+03        2.43e+02        3.05e+02
56       2.75- 2.80     3.67e+03        4.99e+03        2.34e+02        3.05e+02
57       2.80- 2.85     3.52e+03        5.03e+03        2.20e+02        2.94e+02
58       2.85- 2.90     3.32e+03        4.52e+03        2.19e+02        2.73e+02
59       2.90- 2.95     3.55e+03        4.56e+03        2.08e+02        2.67e+02
60       2.95- 3.00     3.44e+03        4.61e+03        2.02e+02        2.56e+02
61       3.00- 3.05     3.33e+03        4.25e+03        1.95e+02        2.52e+02
62       3.05- 3.10     2.99e+03        4.29e+03        1.92e+02        2.48e+02
63       3.10- 3.15     2.71e+03        4.16e+03        1.90e+02        2.25e+02
64       3.15- 3.20     2.57e+03        4.16e+03        1.78e+02        2.19e+02
65       3.20- 3.25     2.62e+03        3.93e+03        1.72e+02        2.13e+02
66       3.25- 3.30     2.68e+03        3.88e+03        1.68e+02        2.02e+02
67       3.30- 3.35     2.55e+03        3.58e+03        1.65e+02        1.93e+02
68       3.35- 3.40     2.44e+03        3.70e+03        1.56e+02        1.80e+02
69       3.40- 3.45     2.40e+03        3.61e+03        1.58e+02        1.79e+02
70       3.45- 3.50     2.35e+03        3.43e+03        1.50e+02        1.69e+02
71       3.50- 3.55     2.19e+03        3.28e+03        1.46e+02        1.59e+02
72       3.55- 3.60     2.13e+03        3.42e+03        1.43e+02        1.55e+02
73       3.60- 3.65     2.15e+03        3.34e+03        1.35e+02        1.48e+02
74       3.65- 3.70     1.88e+03        3.28e+03        1.30e+02        1.46e+02
75       3.70- 3.75     1.91e+03        3.20e+03        1.27e+02        1.32e+02
76       3.75- 3.80     2.02e+03        2.97e+03        1.23e+02        1.27e+02
77       3.80- 3.85     1.93e+03        2.98e+03        1.16e+02        1.21e+02
78       3.85- 3.90     1.86e+03        3.06e+03        1.17e+02        1.16e+02
79       3.90- 3.95     1.60e+03        2.88e+03        1.11e+02        1.12e+02
80       3.95- 4.00     1.63e+03        2.77e+03        1.13e+02        1.20e+02
81       4.00- 4.05     1.81e+03        2.74e+03        1.08e+02        1.06e+02
82       4.05- 4.10     1.61e+03        2.57e+03        1.03e+02        1.04e+02
83       4.10- 4.15     1.62e+03        2.58e+03        1.03e+02        9.58e+01
84       4.15- 4.20     1.56e+03        2.50e+03        9.63e+01        9.06e+01
85       4.20- 4.25     1.60e+03        2.53e+03        9.49e+01        8.69e+01
86       4.25- 4.30     1.48e+03        2.58e+03        9.87e+01        8.34e+01
87       4.30- 4.35     1.44e+03        2.27e+03        9.11e+01        8.19e+01
88       4.35- 4.40     1.38e+03        2.23e+03        8.82e+01        7.86e+01
89       4.40- 4.45     1.49e+03        2.19e+03        8.63e+01        7.53e+01
90       4.45- 4.50     1.34e+03        2.13e+03        8.11e+01        7.03e+01
91       4.50- 4.55     1.40e+03        2.01e+03        7.73e+01        6.32e+01
92       4.55- 4.60     1.31e+03        2.00e+03        7.36e+01        6.10e+01
93       4.60- 4.65     1.27e+03        1.86e+03        7.26e+01        6.09e+01
94       4.65- 4.70     1.22e+03        1.72e+03        7.09e+01        6.40e+01
95       4.70- 4.75     1.28e+03        1.64e+03        7.50e+01        5.46e+01
96       4.75- 4.80     1.27e+03        1.69e+03        6.68e+01        5.33e+01
97       4.80- 4.85     1.15e+03        1.57e+03        6.29e+01        4.81e+01
98       4.85- 4.90     1.21e+03        1.47e+03        6.91e+01        4.86e+01
99       4.90- 4.95     1.07e+03        1.34e+03        6.11e+01        5.50e+01
100      4.95- 5.00     1.15e+03        1.31e+03        6.32e+01        5.03e+01
101      5.00- 5.05     1.14e+03        1.26e+03        5.81e+01        4.44e+01
102      5.05- 5.10     9.81e+02        1.24e+03        5.83e+01        4.37e+01
103      5.10- 5.15     9.99e+02        1.18e+03        5.50e+01        4.16e+01
104      5.15- 5.20     1.13e+03        1.12e+03        5.08e+01        3.94e+01
105      5.20- 5.25     9.24e+02        1.06e+03        5.32e+01        3.92e+01
106      5.25- 5.30     9.67e+02        1.02e+03        4.89e+01        3.53e+01
107      5.30- 5.35     7.83e+02        1.02e+03        4.66e+01        3.40e+01
108      5.35- 5.40     9.41e+02        8.94e+02        4.97e+01        3.50e+01
109      5.40- 5.45     9.59e+02        8.44e+02        4.48e+01        3.06e+01
110      5.45- 5.50     8.45e+02        8.39e+02        4.02e+01        3.11e+01
111      5.50- 5.55     8.14e+02        7.61e+02        4.23e+01        2.91e+01
112      5.55- 5.60     8.71e+02        7.82e+02        3.99e+01        2.75e+01
113      5.60- 5.65     9.33e+02        7.42e+02        4.01e+01        2.75e+01
114      5.65- 5.70     8.20e+02        7.40e+02        3.74e+01        2.58e+01
115      5.70- 5.75     8.96e+02        6.85e+02        3.93e+01        2.55e+01
116      5.75- 5.80     8.43e+02        6.64e+02        3.18e+01        1.97e+01
117      5.80- 5.85     8.29e+02        6.17e+02        3.46e+01        2.20e+01
118      5.85- 5.90     8.96e+02        5.46e+02        3.13e+01        1.83e+01
119      5.90- 5.95     7.26e+02        6.04e+02        3.16e+01        1.97e+01
120      5.95- 6.00     7.56e+02        5.81e+02        3.15e+01        1.99e+01
121      6.00- 6.05     7.35e+02        5.76e+02        3.22e+01        1.88e+01
122      6.05- 6.10     6.17e+02        5.19e+02        2.76e+01        1.75e+01
123      6.10- 6.15     6.17e+02        5.12e+02        2.94e+01        2.05e+01
124      6.15- 6.20     6.19e+02        5.01e+02        2.74e+01        1.84e+01
125      6.20- 6.25     5.92e+02        5.03e+02        2.83e+01        1.74e+01
126      6.25- 6.30     6.29e+02        4.34e+02        2.67e+01        1.80e+01
127      6.30- 6.35     5.65e+02        4.04e+02        2.47e+01        1.50e+01
128      6.35- 6.40     6.16e+02        4.16e+02        2.60e+01        1.71e+01
129      6.40- 6.45     5.19e+02        4.38e+02        2.56e+01        1.46e+01
130      6.45- 6.50     5.76e+02        3.72e+02        2.27e+01        1.33e+01
131      6.50- 6.55     5.59e+02        3.61e+02        2.48e+01        1.58e+01
132      6.55- 6.60     6.32e+02        3.35e+02        2.12e+01        1.32e+01
133      6.60- 6.65     5.30e+02        3.08e+02        2.42e+01        1.54e+01
134      6.65- 6.70     5.16e+02        3.21e+02        1.81e+01        9.96e+00
135      6.70- 6.75     4.98e+02        3.33e+02        2.10e+01        1.24e+01
136      6.75- 6.80     5.40e+02        3.15e+02        1.82e+01        1.12e+01
137      6.80- 6.85     4.86e+02        3.02e+02        1.98e+01        8.96e+00
138      6.85- 6.90     4.53e+02        3.59e+02        1.82e+01        1.01e+01
139      6.90- 6.95     4.44e+02        2.88e+02        1.81e+01        9.65e+00
140      6.95- 7.00     4.77e+02        2.92e+02        1.64e+01        8.12e+00
141      7.00- 7.05     5.60e+02        2.51e+02        1.61e+01        8.55e+00
142      7.05- 7.10     5.11e+02        2.40e+02        1.67e+01        8.76e+00
143      7.10- 7.15     4.55e+02        2.60e+02        1.54e+01        7.59e+00
144      7.15- 7.20     4.92e+02        2.46e+02        1.59e+01        8.33e+00
145      7.20- 7.25     4.36e+02        2.43e+02        1.55e+01        9.16e+00
146      7.25- 7.30     4.76e+02        1.97e+02        1.34e+01        6.67e+00
147      7.30- 7.35     4.40e+02        2.02e+02        1.24e+01        7.53e+00
148      7.35- 7.40     4.39e+02        1.92e+02        1.10e+01        4.31e+00
149      7.40- 7.45     3.86e+02        1.88e+02        1.44e+01        7.83e+00
150      7.45- 7.50     4.41e+02        1.87e+02        1.39e+01        6.74e+00
151      7.50- 7.55     3.55e+02        1.85e+02        1.14e+01        7.37e+00
152      7.55- 7.60     3.37e+02        1.62e+02        9.97e+00        4.54e+00
153      7.60- 7.65     3.43e+02        1.75e+02        1.10e+01        4.91e+00
154      7.65- 7.70     3.43e+02        1.57e+02        1.03e+01        4.93e+00
155      7.70- 7.75     3.73e+02        1.47e+02        9.66e+00        4.67e+00
156      7.75- 7.80     2.97e+02        1.66e+02        1.01e+01        5.33e+00
157      7.80- 7.85     3.24e+02        1.32e+02        9.79e+00        4.91e+00
158      7.85- 7.90     3.08e+02        1.33e+02        8.96e+00        3.52e+00
159      7.90- 7.95     3.50e+02        1.32e+02        9.88e+00        5.93e+00
160      7.95- 8.00     2.99e+02        1.53e+02        8.76e+00        5.12e+00
161      8.00- 8.05     3.51e+02        1.14e+02        7.70e+00        3.52e+00
162      8.05- 8.10     3.00e+02        1.25e+02        6.41e+00        3.29e+00
163      8.10- 8.15     3.26e+02        1.12e+02        7.43e+00        4.16e+00
164      8.15- 8.20     3.62e+02        1.04e+02        7.78e+00        4.31e+00
165      8.20- 8.25     3.01e+02        1.03e+02        6.84e+00        3.96e+00
166      8.25- 8.30     2.71e+02        1.03e+02        6.77e+00        3.88e+00
167      8.30- 8.35     2.77e+02        9.80e+01        6.64e+00        3.19e+00
168      8.35- 8.40     2.76e+02        9.16e+01        5.94e+00        2.69e+00
169      8.40- 8.45     2.41e+02        9.46e+01        7.66e+00        3.20e+00
170      8.45- 8.50     2.36e+02        8.80e+01        6.56e+00        2.77e+00
171      8.50- 8.55     2.97e+02        1.05e+02        6.70e+00        4.18e+00
172      8.55- 8.60     2.36e+02        8.80e+01        6.21e+00        2.19e+00
173      8.60- 8.65     2.54e+02        7.57e+01        5.69e+00        2.38e+00
174      8.65- 8.70     2.26e+02        7.72e+01        5.19e+00        2.21e+00
175      8.70- 8.75     2.44e+02        8.11e+01        6.73e+00        2.17e+00
176      8.75- 8.80     2.58e+02        7.31e+01        6.55e+00        2.41e+00
177      8.80- 8.85     2.49e+02        5.97e+01        5.26e+00        2.68e+00
178      8.85- 8.90     2.10e+02        6.70e+01        4.03e+00        1.50e+00
179      8.90- 8.95     2.19e+02        5.62e+01        4.71e+00        1.85e+00
180      8.95- 9.00     2.00e+02        6.90e+01        4.51e+00        1.47e+00
181      9.00- 9.05     2.07e+02        6.04e+01        5.55e+00        1.66e+00
182      9.05- 9.10     1.93e+02        5.42e+01        4.90e+00        2.52e+00
183      9.10- 9.15     1.99e+02        5.69e+01        5.03e+00        2.95e+00
184      9.15- 9.20     2.17e+02        5.96e+01        4.74e+00        2.51e+00
185      9.20- 9.25     2.09e+02        4.79e+01        4.89e+00        1.85e+00
186      9.25- 9.30     1.66e+02        5.28e+01        4.64e+00        2.53e+00
187      9.30- 9.35     1.66e+02        4.41e+01        5.63e+00        2.88e+00
188      9.35- 9.40     1.56e+02        4.11e+01        2.94e+00        1.03e+00
189      9.40- 9.45     1.85e+02        4.74e+01        4.78e+00        1.42e+00
190      9.45- 9.50     1.75e+02        3.49e+01        3.47e+00        1.10e+00
191      9.50- 9.55     1.63e+02        3.94e+01        4.42e+00        1.96e+00
192      9.55- 9.60     1.68e+02        2.99e+01        3.03e+00        1.76e+00
193      9.60- 9.65     1.46e+02        3.72e+01        3.22e+00        1.11e+00
194      9.65- 9.70     1.50e+02        4.06e+01        2.41e+00        7.71e-01
195      9.70- 9.75     1.54e+02        2.77e+01        2.95e+00        8.12e-01
196      9.75- 9.80     1.51e+02        2.90e+01        3.49e+00        1.25e+00
197      9.80- 9.85     1.48e+02        3.03e+01        3.21e+00        1.53e+00
198      9.85- 9.90     1.40e+02        3.40e+01        2.52e+00        9.62e-01
199      9.90- 9.95     1.35e+02        2.44e+01        2.32e+00        1.36e+00
200      9.95-10.00     1.31e+02        3.17e+01        1.95e+00        7.66e-01
201     10.00-11.00     1.12e+02        1.95e+01        1.83e+00        6.31e-01
202     11.00-12.00     8.05e+01        8.46e+00        1.17e+00        3.57e-01
203     12.00-13.00     5.43e+01        5.89e+00        3.91e-01        7.36e-02
204     13.00-14.00     3.90e+01        2.41e+00        2.24e-01        3.59e-02
205     14.00-15.00     2.04e+01        4.96e-01        1.10e-01        3.17e-02
206     15.00-16.00     1.46e+01        6.19e-01        1.09e-01        4.04e-02
207     16.00-17.00     8.26e+00        3.70e-01        3.09e-02        0.00e+00
208     17.00-18.00     3.92e+00        1.05e-02        0.00e+00        0.00e+00
209     18.00-19.00     1.92e+00        1.48e-01        0.00e+00        0.00e+00
210     19.00-20.00     2.39e+00        0.00e+00        0.00e+00        0.00e+00
211     20.00-21.00     7.86e-01        0.00e+00        0.00e+00        0.00e+00
212     21.00-22.00     2.33e-01        0.00e+00        0.00e+00        0.00e+00
213     22.00-23.00     1.69e-01        0.00e+00        0.00e+00        0.00e+00
214     23.00-24.00     0.00e+00        0.00e+00        0.00e+00        0.00e+00
215     24.00-25.00     0.00e+00        0.00e+00        0.00e+00        0.00e+00
216     25.00-26.00     0.00e+00        0.00e+00        0.00e+00        0.00e+00
217     26.00-27.00     0.00e+00        0.00e+00        0.00e+00        0.00e+00
218     27.00-28.00     0.00e+00        0.00e+00        0.00e+00        0.00e+00
219     28.00-29.00     0.00e+00        0.00e+00        0.00e+00        0.00e+00
220     29.00-30.00     0.00e+00        0.00e+00        0.00e+00        0.00e+00
