                        Flux (/cm^2/1E21p.o.t/50MeV)
Bin#    Energy (GeV)    numu            anti numu       nue             anti nue
                                                                                 
1        0.00  0.05     1.76e+10        2.13e+10        3.14e+08        4.26e+07
2        0.05  0.10     7.10e+10        7.05e+10        1.75e+09        1.78e+08
3        0.10  0.15     1.40e+11        5.56e+10        3.65e+09        3.02e+08
4        0.15  0.20     2.19e+11        4.60e+10        5.48e+09        4.14e+08
5        0.20  0.25     3.40e+11        4.36e+10        6.94e+09        4.89e+08
6        0.25  0.30     5.10e+11        4.32e+10        8.16e+09        5.77e+08
7        0.30  0.35     7.20e+11        4.36e+10        8.86e+09        6.19e+08
8        0.35  0.40     9.47e+11        4.40e+10        9.41e+09        6.70e+08
9        0.40  0.45     1.21e+12        4.34e+10        9.66e+09        6.86e+08
10       0.45  0.50     1.48e+12        4.61e+10        9.60e+09        6.88e+08
11       0.50  0.55     1.67e+12        4.52e+10        9.56e+09        6.89e+08
12       0.55  0.60     1.70e+12        4.39e+10        9.07e+09        7.66e+08
13       0.60  0.65     1.59e+12        4.42e+10        8.50e+09        6.72e+08
14       0.65  0.70     1.44e+12        4.23e+10        7.94e+09        6.39e+08
15       0.70  0.75     1.23e+12        3.89e+10        7.55e+09        6.50e+08
16       0.75  0.80     9.79e+11        3.44e+10        6.77e+09        6.33e+08
17       0.80  0.85     7.33e+11        3.14e+10        6.03e+09        6.28e+08
18       0.85  0.90     5.37e+11        3.00e+10        5.61e+09        6.18e+08
19       0.90  0.95     3.89e+11        2.73e+10        5.08e+09        5.93e+08
20       0.95  1.00     3.02e+11        2.50e+10        4.64e+09        5.89e+08
21       1.00  1.05     2.36e+11        2.48e+10        4.18e+09        5.61e+08
22       1.05  1.10     1.92e+11        2.21e+10        3.78e+09        5.36e+08
23       1.10  1.15     1.59e+11        1.99e+10        3.25e+09        5.23e+08
24       1.15  1.20     1.37e+11        1.82e+10        3.02e+09        4.91e+08
25       1.20  1.25     1.19e+11        1.70e+10        2.73e+09        5.11e+08
26       1.25  1.30     1.06e+11        1.58e+10        2.57e+09        4.82e+08
27       1.30  1.35     9.23e+10        1.51e+10        2.42e+09        4.79e+08
28       1.35  1.40     8.62e+10        1.43e+10        2.20e+09        4.72e+08
29       1.40  1.45     7.78e+10        1.32e+10        2.13e+09        4.64e+08
30       1.45  1.50     7.25e+10        1.25e+10        1.98e+09        4.50e+08
31       1.50  1.55     6.32e+10        1.02e+10        1.96e+09        4.50e+08
32       1.55  1.60     6.02e+10        1.12e+10        1.85e+09        4.11e+08
33       1.60  1.65     5.37e+10        7.82e+09        1.80e+09        4.32e+08
34       1.65  1.70     5.08e+10        9.33e+09        1.76e+09        4.20e+08
35       1.70  1.75     4.68e+10        7.83e+09        1.65e+09        3.92e+08
36       1.75  1.80     4.44e+10        7.56e+09        1.68e+09        3.78e+08
37       1.80  1.85     4.27e+10        7.74e+09        1.60e+09        3.80e+08
38       1.85  1.90     4.05e+10        7.12e+09        1.60e+09        4.09e+08
39       1.90  1.95     3.69e+10        6.12e+09        1.55e+09        3.46e+08
40       1.95  2.00     3.64e+10        5.95e+09        1.50e+09        3.33e+08
41       2.00  2.05     3.32e+10        6.05e+09        1.45e+09        3.41e+08
42       2.05  2.10     3.13e+10        5.73e+09        1.36e+09        3.46e+08
43       2.10  2.15     3.25e+10        5.36e+09        1.37e+09        3.19e+08
44       2.15  2.20     2.92e+10        5.56e+09        1.34e+09        3.08e+08
45       2.20  2.25     2.73e+10        5.22e+09        1.33e+09        2.90e+08
46       2.25  2.30     2.53e+10        4.59e+09        1.27e+09        2.86e+08
47       2.30  2.35     2.46e+10        4.29e+09        1.21e+09        2.78e+08
48       2.35  2.40     2.40e+10        3.96e+09        1.24e+09        2.74e+08
49       2.40  2.45     2.34e+10        4.65e+09        1.20e+09        2.53e+08
50       2.45  2.50     2.33e+10        3.94e+09        1.16e+09        2.57e+08
51       2.50  2.55     2.02e+10        3.45e+09        1.12e+09        2.54e+08
52       2.55  2.60     2.03e+10        3.40e+09        1.10e+09        2.44e+08
53       2.60  2.65     2.08e+10        3.51e+09        1.08e+09        2.33e+08
54       2.65  2.70     2.10e+10        3.53e+09        1.06e+09        2.35e+08
55       2.70  2.75     1.92e+10        2.92e+09        1.02e+09        2.15e+08
56       2.75  2.80     1.85e+10        2.71e+09        9.73e+08        2.11e+08
57       2.80  2.85     1.73e+10        3.34e+09        9.54e+08        2.05e+08
58       2.85  2.90     1.72e+10        2.84e+09        9.17e+08        1.82e+08
59       2.90  2.95     1.67e+10        2.39e+09        8.87e+08        1.97e+08
60       2.95  3.00     1.71e+10        2.54e+09        8.71e+08        1.86e+08
61       3.00  3.05     1.77e+10        2.56e+09        8.29e+08        1.90e+08
62       3.05  3.10     1.67e+10        2.16e+09        7.98e+08        1.70e+08
63       3.10  3.15     1.64e+10        1.80e+09        7.81e+08        1.73e+08
64       3.15  3.20     1.45e+10        1.94e+09        7.94e+08        1.65e+08
65       3.20  3.25     1.51e+10        2.00e+09        7.22e+08        1.59e+08
66       3.25  3.30     1.53e+10        1.84e+09        7.08e+08        1.56e+08
67       3.30  3.35     1.57e+10        1.73e+09        6.92e+08        1.51e+08
68       3.35  3.40     1.42e+10        1.72e+09        6.29e+08        1.62e+08
69       3.40  3.45     1.43e+10        1.45e+09        6.35e+08        1.30e+08
70       3.45  3.50     1.37e+10        1.47e+09        6.10e+08        1.54e+08
71       3.50  3.55     1.46e+10        1.25e+09        6.11e+08        1.33e+08
72       3.55  3.60     1.36e+10        1.87e+09        5.60e+08        1.21e+08
73       3.60  3.65     1.32e+10        8.80e+08        5.42e+08        1.22e+08
74       3.65  3.70     1.35e+10        1.48e+09        5.50e+08        1.12e+08
75       3.70  3.75     1.30e+10        1.06e+09        5.00e+08        1.26e+08
76       3.75  3.80     1.25e+10        1.21e+09        4.62e+08        1.09e+08
77       3.80  3.85     1.30e+10        1.23e+09        4.73e+08        1.10e+08
78       3.85  3.90     1.27e+10        1.01e+09        4.33e+08        1.02e+08
79       3.90  3.95     1.20e+10        1.41e+09        4.41e+08        9.85e+07
80       3.95  4.00     1.22e+10        1.22e+09        4.07e+08        9.59e+07
81       4.00  4.05     1.16e+10        8.83e+08        3.99e+08        9.40e+07
82       4.05  4.10     1.18e+10        1.20e+09        3.85e+08        8.58e+07
83       4.10  4.15     1.13e+10        9.04e+08        3.71e+08        8.73e+07
84       4.15  4.20     1.10e+10        7.72e+08        3.67e+08        8.00e+07
85       4.20  4.25     1.07e+10        1.07e+09        3.38e+08        8.17e+07
86       4.25  4.30     1.09e+10        1.06e+09        3.38e+08        7.52e+07
87       4.30  4.35     1.03e+10        8.37e+08        3.01e+08        6.52e+07
88       4.35  4.40     1.03e+10        1.05e+09        3.17e+08        7.33e+07
89       4.40  4.45     9.90e+09        6.44e+08        2.78e+08        7.61e+07
90       4.45  4.50     9.35e+09        5.66e+08        2.85e+08        6.69e+07
91       4.50  4.55     9.80e+09        7.49e+08        2.50e+08        6.31e+07
92       4.55  4.60     9.08e+09        5.65e+08        2.58e+08        6.45e+07
93       4.60  4.65     9.09e+09        3.88e+08        2.44e+08        5.22e+07
94       4.65  4.70     8.98e+09        5.90e+08        2.52e+08        5.24e+07
95       4.70  4.75     8.37e+09        6.99e+08        2.28e+08        4.84e+07
96       4.75  4.80     8.11e+09        5.14e+08        2.20e+08        5.40e+07
97       4.80  4.85     7.55e+09        5.51e+08        1.99e+08        7.36e+07
98       4.85  4.90     8.46e+09        4.72e+08        2.13e+08        4.91e+07
99       4.90  4.95     7.56e+09        4.46e+08        1.95e+08        5.03e+07
100      4.95  5.00     7.45e+09        5.31e+08        1.96e+08        4.80e+07
101      5.00  5.05     7.06e+09        3.67e+08        1.82e+08        4.76e+07
102      5.05  5.10     6.93e+09        6.69e+08        1.77e+08        4.41e+07
103      5.10  5.15     7.13e+09        3.84e+08        1.64e+08        4.51e+07
104      5.15  5.20     6.92e+09        5.27e+08        1.65e+08        3.93e+07
105      5.20  5.25     6.11e+09        4.35e+08        1.57e+08        3.53e+07
106      5.25  5.30     5.99e+09        5.01e+08        1.48e+08        3.44e+07
107      5.30  5.35     5.74e+09        4.84e+08        1.51e+08        4.11e+07
108      5.35  5.40     5.83e+09        2.95e+08        1.39e+08        3.52e+07
109      5.40  5.45     5.20e+09        4.92e+08        1.38e+08        4.50e+07
110      5.45  5.50     5.20e+09        3.29e+08        1.36e+08        4.03e+07
111      5.50  5.55     5.12e+09        3.43e+08        1.27e+08        4.09e+07
112      5.55  5.60     5.23e+09        2.59e+08        1.18e+08        3.27e+07
113      5.60  5.65     4.67e+09        2.60e+08        1.21e+08        3.28e+07
114      5.65  5.70     4.34e+09        2.66e+08        1.02e+08        3.05e+07
115      5.70  5.75     4.46e+09        3.66e+08        1.11e+08        3.41e+07
116      5.75  5.80     4.07e+09        1.91e+08        1.08e+08        2.49e+07
117      5.80  5.85     4.44e+09        3.16e+08        1.05e+08        2.36e+07
118      5.85  5.90     3.81e+09        2.40e+08        9.89e+07        2.56e+07
119      5.90  5.95     4.08e+09        2.65e+08        9.46e+07        1.75e+07
120      5.95  6.00     3.84e+09        1.94e+08        9.68e+07        2.30e+07
121      6.00  6.05     3.89e+09        1.80e+08        8.65e+07        2.65e+07
122      6.05  6.10     3.66e+09        1.99e+08        8.47e+07        1.72e+07
123      6.10  6.15     3.42e+09        1.97e+08        8.15e+07        1.72e+07
124      6.15  6.20     3.74e+09        2.31e+08        8.32e+07        2.09e+07
125      6.20  6.25     3.37e+09        1.80e+08        8.27e+07        2.14e+07
126      6.25  6.30     3.23e+09        1.71e+08        7.25e+07        2.39e+07
127      6.30  6.35     3.30e+09        2.76e+08        6.71e+07        1.87e+07
128      6.35  6.40     2.97e+09        2.24e+08        6.83e+07        1.56e+07
129      6.40  6.45     2.94e+09        1.78e+08        6.71e+07        1.76e+07
130      6.45  6.50     3.32e+09        2.28e+08        5.81e+07        1.93e+07
131      6.50  6.55     2.80e+09        2.17e+08        6.07e+07        1.69e+07
132      6.55  6.60     2.65e+09        2.88e+08        5.14e+07        1.70e+07
133      6.60  6.65     2.66e+09        1.33e+08        5.09e+07        1.80e+07
134      6.65  6.70     2.68e+09        1.39e+08        5.24e+07        1.80e+07
135      6.70  6.75     2.39e+09        1.54e+08        5.37e+07        1.90e+07
136      6.75  6.80     2.50e+09        3.26e+08        4.98e+07        1.43e+07
137      6.80  6.85     2.74e+09        1.12e+08        5.73e+07        1.49e+07
138      6.85  6.90     2.23e+09        1.84e+08        4.91e+07        2.08e+07
139      6.90  6.95     2.28e+09        1.11e+08        4.84e+07        1.93e+07
140      6.95  7.00     2.63e+09        1.39e+08        4.58e+07        1.31e+07
141      7.00  7.05     2.50e+09        2.24e+08        4.12e+07        9.43e+06
142      7.05  7.10     2.10e+09        1.20e+08        4.03e+07        1.28e+07
143      7.10  7.15     2.10e+09        1.34e+08        4.64e+07        7.25e+06
144      7.15  7.20     1.86e+09        1.25e+08        4.05e+07        1.12e+07
145      7.20  7.25     2.01e+09        1.33e+08        4.53e+07        1.27e+07
146      7.25  7.30     1.85e+09        1.38e+08        3.69e+07        8.40e+06
147      7.30  7.35     2.00e+09        1.18e+08        4.17e+07        4.95e+06
148      7.35  7.40     1.76e+09        9.18e+07        3.86e+07        6.48e+06
149      7.40  7.45     1.77e+09        9.64e+07        3.51e+07        9.70e+06
150      7.45  7.50     1.71e+09        1.97e+08        3.46e+07        1.24e+07
151      7.50  7.55     1.67e+09        1.96e+08        2.99e+07        5.96e+06
152      7.55  7.60     1.68e+09        1.00e+08        3.28e+07        6.29e+06
153      7.60  7.65     1.50e+09        9.89e+07        3.14e+07        1.22e+07
154      7.65  7.70     1.69e+09        1.75e+08        2.71e+07        7.48e+06
155      7.70  7.75     1.55e+09        9.75e+07        2.60e+07        6.06e+06
156      7.75  7.80     1.44e+09        8.04e+07        2.87e+07        6.59e+06
157      7.80  7.85     1.30e+09        9.04e+07        2.47e+07        5.95e+06
158      7.85  7.90     1.33e+09        9.15e+07        2.28e+07        3.73e+06
159      7.90  7.95     1.35e+09        9.68e+07        2.08e+07        4.62e+06
160      7.95  8.00     1.28e+09        8.36e+07        2.46e+07        4.64e+06
161      8.00  8.05     1.31e+09        6.94e+07        1.87e+07        2.87e+06
162      8.05  8.10     1.40e+09        5.44e+07        1.37e+07        2.82e+06
163      8.10  8.15     1.38e+09        1.03e+08        1.60e+07        4.02e+06
164      8.15  8.20     1.22e+09        7.35e+07        1.78e+07        4.96e+06
165      8.20  8.25     1.22e+09        7.59e+07        2.11e+07        4.44e+06
166      8.25  8.30     1.29e+09        6.80e+07        2.10e+07        4.03e+06
167      8.30  8.35     1.44e+09        8.24e+07        1.59e+07        1.28e+06
168      8.35  8.40     1.07e+09        6.43e+07        1.95e+07        9.69e+06
169      8.40  8.45     1.03e+09        7.64e+07        1.80e+07        4.99e+06
170      8.45  8.50     1.01e+09        6.39e+07        1.83e+07        7.48e+06
171      8.50  8.55     1.08e+09        6.61e+07        1.61e+07        1.78e+06
172      8.55  8.60     1.03e+09        6.41e+07        1.93e+07        2.43e+06
173      8.60  8.65     9.84e+08        6.20e+07        1.54e+07        6.77e+06
174      8.65  8.70     9.32e+08        3.05e+07        1.36e+07        2.53e+06
175      8.70  8.75     8.69e+08        6.95e+07        1.37e+07        7.72e+06
176      8.75  8.80     8.74e+08        6.92e+07        9.78e+06        5.03e+06
177      8.80  8.85     8.34e+08        4.84e+07        9.94e+06        2.89e+06
178      8.85  8.90     7.94e+08        5.68e+07        1.06e+07        4.66e+06
179      8.90  8.95     9.07e+08        4.46e+07        1.39e+07        2.55e+06
180      8.95  9.00     8.22e+08        7.28e+07        1.40e+07        4.11e+06
181      9.00  9.05     7.62e+08        5.02e+07        1.00e+07        2.76e+06
182      9.05  9.10     7.43e+08        6.46e+07        1.15e+07        1.66e+06
183      9.10  9.15     8.02e+08        6.41e+07        1.34e+07        2.07e+06
184      9.15  9.20     6.82e+08        4.21e+07        9.72e+06        6.73e+05
185      9.20  9.25     7.68e+08        5.83e+07        7.73e+06        3.15e+06
186      9.25  9.30     7.11e+08        3.62e+07        8.39e+06        4.35e+06
187      9.30  9.35     7.01e+08        5.04e+07        1.01e+07        2.26e+05
188      9.35  9.40     7.29e+08        3.98e+07        1.35e+07        2.95e+06
189      9.40  9.45     6.06e+08        6.07e+07        4.80e+06        1.13e+06
190      9.45  9.50     6.57e+08        5.37e+07        1.29e+07        1.81e+06
191      9.50  9.55     6.65e+08        3.38e+07        1.24e+07        3.05e+06
192      9.55  9.60     6.32e+08        4.97e+07        7.61e+06        3.75e+06
193      9.60  9.65     6.52e+08        2.62e+07        6.21e+06        1.30e+06
194      9.65  9.70     5.70e+08        5.01e+07        6.74e+06        8.80e+05
195      9.70  9.75     4.94e+08        3.43e+07        6.58e+06        9.89e+05
196      9.75  9.80     5.46e+08        2.58e+07        6.86e+06        2.62e+06
197      9.80  9.85     5.36e+08        3.01e+07        8.47e+06        1.83e+06
198      9.85  9.90     4.86e+08        4.19e+07        4.50e+06        1.45e+06
199      9.90  9.95     5.20e+08        2.60e+07        6.17e+06        2.47e+06
200      9.95 10.00     5.43e+08        1.93e+07        4.94e+06        2.11e+06
201     10.00 11.00     3.71e+08        2.14e+07        3.92e+06        9.87e+05
202     11.00 12.00     2.21e+08        9.93e+06        1.97e+06        5.11e+05
203     12.00 13.00     1.46e+08        6.82e+06        1.15e+06        3.81e+05
204     13.00 14.00     8.63e+07        2.86e+06        4.30e+05        1.30e+05
205     14.00 15.00     4.29e+07        1.50e+06        2.86e+05        0.00e+00
206     15.00 16.00     2.77e+07        4.91e+06        1.60e+05        1.17e+05
207     16.00 17.00     1.86e+07        3.11e+06        2.27e+05        0.00e+00
208     17.00 18.00     6.40e+06        8.16e+04        0.00e+00        0.00e+00
209     18.00 19.00     6.31e+06        0.00e+00        0.00e+00        0.00e+00
210     19.00 20.00     3.08e+06        0.00e+00        0.00e+00        0.00e+00
211     20.00 21.00     1.73e+06        0.00e+00        0.00e+00        0.00e+00
212     21.00 22.00     0.00e+00        0.00e+00        0.00e+00        0.00e+00
213     22.00 23.00     1.07e+05        0.00e+00        0.00e+00        0.00e+00
214     23.00 24.00     0.00e+00        0.00e+00        0.00e+00        0.00e+00
215     24.00 25.00     0.00e+00        0.00e+00        0.00e+00        0.00e+00
216     25.00 26.00     0.00e+00        0.00e+00        0.00e+00        0.00e+00
217     26.00 27.00     0.00e+00        0.00e+00        0.00e+00        0.00e+00
218     27.00 28.00     0.00e+00        0.00e+00        0.00e+00        0.00e+00
219     28.00 29.00     0.00e+00        0.00e+00        0.00e+00        0.00e+00
220     29.00 30.00     0.00e+00        0.00e+00        0.00e+00        0.00e+00
