0.125 1.252949604e-13 7.36421084e-12 0.0 4.19148556e-14 3.33833832e-12 0.0 
0.375 2.5832964e-13 1.36532008e-11 0.0 4.62860952e-14 2.10103112e-12 0.0 
0.625 3.22269176e-13 2.3163102e-11 0.0 4.43069936e-14 2.178922e-12 0.0 
0.875 3.324619736e-13 3.07193532e-11 0.0 4.35501936e-14 2.06318884e-12 0.0 
1.125 3.367171216e-13 3.60870544e-11 0.0 4.2004986e-14 2.24520976e-12 0.0 
1.375 3.110067288e-13 3.91193924e-11 0.0 3.7539578e-14 2.648499e-12 0.0 
1.625 3.038983496e-13 3.98056264e-11 0.0 4.090362532e-14 2.6010758e-12 0.0 
1.875 2.652927448e-13 4.32165636e-11 0.0 4.035658712e-14 2.4483846e-12 0.0 
2.125 2.444122016e-13 4.47214196e-11 0.0 3.851424104e-14 2.24919312e-12 0.0 
2.375 2.374787676e-13 4.44079172e-11 0.0 4.083735856e-14 2.06847364e-12 0.0 
2.625 2.341088076e-13 4.5316966e-11 0.0 3.696521268e-14 1.862907672e-12 0.0 
2.875 2.066062152e-13 4.5580652e-11 0.0 3.660212632e-14 1.644864152e-12 0.0 
3.125 1.759408628e-13 4.20174844e-11 0.0 3.500095144e-14 1.499334776e-12 0.0 
3.375 1.60870384e-13 3.62152488e-11 0.0 3.327799304e-14 1.298228172e-12 0.0 
3.625 1.64346412e-13 3.00391296e-11 0.0 3.293517028e-14 1.223470008e-12 0.0 
3.875 1.597109468e-13 2.33474264e-11 0.0 3.13466366e-14 1.26707002e-12 0.0 
4.125 1.36191062e-13 1.67550496e-11 0.0 3.08986216e-14 1.357329488e-12 0.0 
4.375 1.272558516e-13 1.082261772e-11 0.0 2.94638216e-14 1.284221768e-12 0.0 
4.625 1.113919784e-13 6.40527424e-12 0.0 3.02928294e-14 1.176495264e-12 0.0 
4.875 1.005068412e-13 3.74867224e-12 0.0 3.079696924e-14 9.7172334e-13 0.0 
5.125 1.018970528e-13 2.37703772e-12 0.0 2.849371568e-14 9.02814108e-13 0.0 
5.375 9.21761076e-14 1.801464732e-12 0.0 2.554603488e-14 7.93989764e-13 0.0 
5.625 8.857521492e-14 1.526539552e-12 0.0 2.594229784e-14 6.9330094e-13 0.0 
5.875 7.6380653e-14 1.259908996e-12 0.0 2.525537712e-14 6.28416524e-13 0.0 
6.125 7.964382184e-14 1.199719516e-12 0.0 2.579705e-14 5.924918508e-13 0.0 
6.375 7.129566312e-14 1.080529236e-12 0.0 2.47192282e-14 5.051166804e-13 0.0 
6.625 6.349042212e-14 1.029221104e-12 0.0 2.568895272e-14 4.799299872e-13 0.0 
6.875 6.287325624e-14 9.67308304e-13 0.0 2.379209664e-14 4.317074284e-13 0.0 
7.125 5.945235656e-14 8.98215892e-13 0.0 2.09565204e-14 3.860495548e-13 0.0 
7.375 5.399501692e-14 8.79241204e-13 0.0 2.303880144e-14 3.6132078e-13 0.0 
7.625 4.715328704e-14 7.95349696e-13 0.0 2.332014388e-14 3.169706692e-13 0.0 
7.875 4.919231988e-14 7.80268052e-13 0.0 1.990116412e-14 2.885585816e-13 0.0 
8.125 4.886314456e-14 7.30640588e-13 0.0 1.838631808e-14 2.645106756e-13 0.0 
8.375 4.206756692e-14 7.38519e-13 0.0 1.991057016e-14 2.5535663632e-13 0.0 
8.625 4.431822244e-14 7.03471676e-13 0.0 1.87284932e-14 2.444421964e-13 0.0 
8.875 4.0845698e-14 6.78884752e-13 0.0 1.661470052e-14 2.405201112e-13 0.0 
9.125 3.782696752e-14 6.33712664e-13 0.0 1.676073688e-14 2.3297568632e-13 0.0 
9.375 4.124032276e-14 6.45008024e-13 0.0 1.690972752e-14 2.084389332e-13 0.0 
9.625 3.403848048e-14 6.3599622e-13 0.0 1.498601588e-14 1.7379113496e-13 0.0 
9.875 3.238040828e-14 6.21484644e-13 0.0 1.5595151e-14 1.7118340516e-13 0.0 
10.125 3.036618872e-14 5.76144732e-13 0.0 1.563451668e-14 1.773615512e-13 0.0 
10.375 3.131289048e-14 5.63899328e-13 0.0 1.324911128e-14 1.5641262516e-13 0.0 
10.625 2.866990376e-14 5.40661856e-13 0.0 1.327084164e-14 1.434543134e-13 0.0 
10.875 2.737197144e-14 5.17648376e-13 0.0 1.247532556e-14 1.5177974432e-13 0.0 
11.125 2.559738732e-14 5.135934e-13 0.0 1.231407404e-14 1.3917676424e-13 0.0 
11.375 2.549340236e-14 4.91554268e-13 0.0 1.467967524e-14 1.2661023896e-13 0.0 
11.625 2.639136788e-14 4.82190784e-13 0.0 1.222357496e-14 1.3820964288e-13 0.0 
11.875 2.1233137e-14 4.56069796e-13 0.0 1.133138276e-14 1.2136066336e-13 0.0 
12.125 2.047729324e-14 4.57070712e-13 0.0 9.58919288e-15 1.0944192408e-13 0.0 
12.375 2.178209788e-14 4.3633948e-13 0.0 8.86026576e-15 9.993652088e-14 0.0 
12.625 1.928142624e-14 4.18844444e-13 0.0 9.20182624e-15 1.1704270408e-13 0.0 
12.875 1.812961076e-14 4.09227776e-13 0.0 1.056104056e-14 9.716337444e-14 0.0 
13.125 1.64614358e-14 4.00796092e-13 0.0 8.79509388e-15 9.286676572e-14 0.0 
13.375 1.528092276e-14 3.9379322e-13 0.0 9.0036854e-15 8.671645116e-14 0.0 
13.625 1.488593856e-14 3.75152812e-13 0.0 8.19061852e-15 9.407746888e-14 0.0 
13.875 1.471443536e-14 3.62264008e-13 0.0 8.13129392e-15 1.0620238184e-13 0.0 
14.125 1.388524484e-14 3.50333352e-13 0.0 5.65159904e-15 9.258599084e-14 0.0 
14.375 1.282505648e-14 3.4481408e-13 0.0 6.53756804e-15 8.29081426e-14 0.0 
14.625 1.22791652e-14 3.25583354e-13 0.0 7.3013374e-15 8.83062778e-14 0.0 
14.875 1.158500868e-14 3.16595204e-13 0.0 7.0234808e-15 8.152663348e-14 0.0 
15.125 1.13719204e-14 3.19467972e-13 0.0 6.6982334e-15 8.881841248e-14 0.0 
15.375 1.127084172e-14 3.136099852e-13 0.0 6.2994868e-15 7.148909732e-14 0.0 
15.625 1.04738348e-14 2.938387756e-13 0.0 4.6072996e-15 6.103117016e-14 0.0 
15.875 9.056124e-15 2.8031874e-13 0.0 6.07421996e-15 7.213793556e-14 0.0 
16.125 1.06407688e-14 2.50894732e-13 0.0 5.1233276e-15 5.16114382e-14 0.0 
16.375 9.87004e-15 2.471277068e-13 0.0 5.4005864e-15 5.614839976e-14 0.0 
16.625 9.6897056e-15 2.26093458e-13 0.0 5.6992832e-15 4.885585608e-14 0.0 
16.875 8.985016e-15 2.334930288e-13 0.0 5.1386256e-15 5.5382902e-14 0.0 
17.125 7.2868612e-15 2.028065488e-13 0.0 4.9456728e-15 4.811253364e-14 0.0 
17.375 7.5698044e-15 2.030194484e-13 0.0 5.2779356e-15 4.8590922e-14 0.0 
17.625 6.963564e-15 1.872183612e-13 0.0 3.0422452e-15 6.0720446e-14 0.0 
17.875 7.7676272e-15 1.562257052e-13 0.0 4.9753608e-15 5.06544524e-14 0.0 
18.125 5.9936228e-15 1.418871068e-13 0.0 4.583974e-15 4.97155484e-14 0.0 
18.375 7.5902304e-15 1.424285676e-13 0.0 4.1044912e-15 4.4481234e-14 0.0 
18.625 5.21534e-15 1.327472544e-13 0.0 2.9502384e-15 4.6156302e-14 0.0 
18.875 6.3271832e-15 1.229040404e-13 0.0 3.6259568e-15 4.24284792e-14 0.0 
19.125 5.7314916e-15 1.200126044e-13 0.0 3.8345692e-15 4.77713448e-14 0.0 
19.375 6.0870004e-15 1.0869078e-13 0.0 2.7384272e-15 3.81136024e-14 0.0 
19.625 6.5042916e-15 1.08015184e-13 0.0 3.9584256e-15 3.7781654e-14 0.0 
19.875 5.8024732e-15 1.0587099e-13 0.0 2.625596e-15 4.9747728e-14 0.0 
20.125 4.114092e-15 1.024652768e-13 0.0 2.7185148e-15 3.93221208e-14 0.0 
20.375 3.6396864e-15 1.155317864e-13 0.0 2.8487084e-15 3.62938528e-14 0.0 
20.625 3.072998e-15 9.36955356e-14 0.0 1.40693e-15 4.43145908e-14 0.0 
20.875 4.3619144e-15 9.87420216e-14 0.0 3.1160732e-15 3.51398412e-14 0.0 
21.125 5.0239772e-15 9.82292576e-14 0.0 1.9862532e-15 3.18026356e-14 0.0 
21.375 4.0151408e-15 8.62298768e-14 0.0 2.0532708e-15 2.72539816e-14 0.0 
21.625 2.7620396e-15 1.08003092e-13 0.0 2.5713752e-15 2.31587488e-14 0.0 
21.875 2.053106e-15 1.004165064e-13 0.0 1.3589116e-15 2.70014772e-14 0.0 
22.125 3.1585424e-15 8.72037796e-14 0.0 1.7862208e-15 2.17668936e-14 0.0 
22.375 3.77748e-15 8.0950148e-14 0.0 1.7452608e-15 1.97142628e-14 0.0 
22.625 2.5197856e-15 8.93082452e-14 0.0 1.51985e-15 3.28944612e-14 0.0 
22.875 2.9106204e-15 9.66809788e-14 0.0 1.7071312e-15 1.81787484e-14 0.0 
23.125 3.0662972e-15 8.70451692e-14 0.0 1.2279476e-15 2.49224004e-14 0.0 
23.375 2.7864076e-15 7.35532348e-14 0.0 1.3541192e-15 2.0891416e-14 0.0 
23.625 2.9434924e-15 6.86101728e-14 0.0 2.603326e-15 3.22366836e-14 0.0 
23.875 2.9163672e-15 7.38919876e-14 0.0 5.402696e-16 1.86753272e-14 0.0 
24.125 2.9286808e-15 6.6404648e-14 0.0 1.4917296e-15 3.02142012e-14 0.0 
24.375 3.2104872e-15 6.3229222e-14 0.0 1.3223224e-15 1.89234312e-14 0.0 
24.625 3.0333704e-15 7.71355628e-14 0.0 1.0781804e-15 2.23922376e-14 0.0 
24.875 2.8581168e-15 6.61440572e-14 0.0 1.1225008e-15 2.32479296e-14 0.0 
25.125 2.3749916e-15 5.60838672e-14 0.0 8.79832e-16 1.47130984e-14 0.0 
25.375 1.6531104e-15 5.47424688e-14 0.0 5.934056e-16 1.52509404e-14 0.0 
25.625 1.6704356e-15 7.10373188e-14 0.0 1.106918e-15 1.4692074e-14 0.0 
25.875 9.187356e-16 6.26983144e-14 0.0 1.3015236e-15 1.50680156e-14 0.0 
26.125 2.0675924e-15 5.91762404e-14 0.0 6.691348e-16 1.48861636e-14 0.0 
26.375 9.324948e-16 5.84824592e-14 0.0 4.947168e-16 1.60279848e-14 0.0 
26.625 1.1626148e-15 6.35567932e-14 0.0 7.017768e-16 1.48992812e-14 0.0 
26.875 2.08029e-15 4.8359228e-14 0.0 0.0 2.05167944e-14 0.0 
27.125 2.5171664e-15 4.37279128e-14 0.0 9.799508e-16 1.24524592e-14 0.0 
27.375 6.506316e-16 4.70061428e-14 0.0 5.832108e-16 1.91158168e-14 0.0 
27.625 1.0062e-15 4.53983908e-14 0.0 1.9426372e-15 1.83858828e-14 0.0 
27.875 1.2230004e-15 3.98300092e-14 0.0 1.113554e-15 1.24564292e-14 0.0 
28.125 1.383486e-15 4.20669632e-14 0.0 1.0215592e-15 1.41065652e-14 0.0 
28.375 1.1865844e-15 5.02047788e-14 0.0 0.0 8.9886372e-15 0.0 
28.625 1.4325824e-15 3.93758076e-14 0.0 8.309872e-16 1.07368812e-14 0.0 
28.875 2.5297e-15 3.7747468e-14 0.0 7.233424e-16 9.3277772e-15 0.0 
29.125 8.934344e-16 3.90531768e-14 0.0 4.759088e-16 1.19241964e-14 0.0 
29.375 1.279772e-15 3.82957292e-14 0.0 0.0 1.83471704e-14 0.0 
29.625 5.730564e-16 3.30150172e-14 0.0 5.5988e-16 9.0958788e-15 0.0 
29.875 5.937428e-16 3.6845566e-14 0.0 1.6114016e-15 9.6237248e-15 0.0 
30.125 9.88086e-16 4.44277032e-14 0.0 8.094428e-16 9.0401492e-15 0.0 
30.375 1.5613428e-15 3.9849736e-14 0.0 3.390984e-16 7.572806e-15 0.0 
30.625 2.436152e-16 3.3937984e-14 0.0 0.0 9.0921464e-15 0.0 
30.875 9.952804e-16 3.38251748e-14 0.0 3.816024e-16 1.0798524e-14 0.0 
31.125 1.012566e-15 3.42447868e-14 0.0 5.193164e-16 1.58871876e-14 0.0 
31.375 8.269168e-16 2.70844948e-14 0.0 4.721376e-16 1.79893012e-14 0.0 
31.625 3.93298e-16 3.05849368e-14 0.0 6.836424e-16 1.5905066e-14 0.0 
31.875 7.642528e-16 3.00080792e-14 0.0 2.712984e-16 5.9512984e-15 0.0 
32.125 8.852388e-16 3.64713072e-14 0.0 0.0 7.0352816e-15 0.0 
32.375 3.56278e-16 2.46088284e-14 0.0 0.0 8.4368568e-15 0.0 
32.625 6.637952e-16 2.65758692e-14 0.0 0.0 6.8328412e-15 0.0 
32.875 0.0 2.43146512e-14 0.0 0.0 7.6662896e-15 0.0 
33.125 1.768112e-15 2.54623304e-14 0.0 4.838128e-16 6.291448e-15 0.0 
33.375 1.2592356e-15 2.09579248e-14 0.0 0.0 6.3699628e-15 0.0 
33.625 1.0688224e-15 2.00575212e-14 0.0 1.893108e-16 5.8706064e-15 0.0 
33.875 1.844544e-16 2.18699988e-14 0.0 6.40218e-16 6.73812e-15 0.0 
34.125 0.0 1.9548914e-14 0.0 2.739476e-16 5.8775496e-15 0.0 
34.375 2.922384e-16 2.15733724e-14 0.0 2.44668e-16 5.6468744e-15 0.0 
34.625 2.39828e-16 2.1112288e-14 0.0 0.0 6.0562296e-15 0.0 
34.875 0.0 1.52692144e-14 0.0 0.0 6.3610408e-15 0.0 
35.125 1.0405288e-15 1.93961348e-14 0.0 3.608696e-16 4.5451312e-15 0.0 
35.375 5.34406e-16 1.79259776e-14 0.0 2.318388e-16 5.297372e-15 0.0 
35.625 7.37004e-16 1.94109436e-14 0.0 3.923952e-16 7.1009004e-15 0.0 
35.875 4.39444e-16 1.52855924e-14 0.0 0.0 5.2657488e-15 0.0 
36.125 8.692388e-16 1.74647616e-14 0.0 2.71518e-16 3.9227492e-15 0.0 
36.375 4.87708e-16 1.60214824e-14 0.0 2.642052e-16 4.6916656e-15 0.0 
36.625 3.38234e-16 1.6000152e-14 0.0 0.0 3.4771712e-15 0.0 
36.875 0.0 1.40934804e-14 0.0 0.0 3.1575312e-15 0.0 
37.125 0.0 1.89874592e-14 0.0 3.208488e-16 4.3283312e-15 0.0 
37.375 0.0 1.63894164e-14 0.0 0.0 3.4343192e-15 0.0 
37.625 3.551776e-16 1.46178056e-14 0.0 2.317888e-16 3.8600216e-15 0.0 
37.875 0.0 1.52525936e-14 0.0 3.489648e-16 3.1340432e-15 0.0 
38.125 0.0 1.24848372e-14 0.0 0.0 2.9771024e-15 0.0 
38.375 5.756916e-16 1.34690772e-14 0.0 0.0 3.2128148e-15 0.0 
38.625 0.0 2.6960722e-14 0.0 0.0 2.6412644e-15 0.0 
38.875 0.0 1.44347616e-14 0.0 0.0 2.8909076e-15 0.0 
39.125 0.0 1.27448696e-14 0.0 0.0 2.714884e-15 0.0 
39.375 0.0 1.22689156e-14 0.0 3.197032e-16 2.7565756e-15 0.0 
39.625 4.15676e-16 1.26371216e-14 0.0 0.0 2.3606984e-15 0.0 
39.875 3.427008e-16 1.14467592e-14 0.0 0.0 1.95265e-15 0.0 
40.125 3.180472e-16 1.14017716e-14 0.0 0.0 2.8541172e-15 0.0 
40.375 0.0 1.37875336e-14 0.0 0.0 2.6409128e-15 0.0 
40.625 0.0 9.2333856e-15 0.0 0.0 2.9253124e-15 0.0 
40.875 1.102308e-15 1.0032258e-14 0.0 0.0 2.5050664e-15 0.0 
41.125 0.0 9.6927272e-15 0.0 0.0 2.9967556e-15 0.0 
41.375 3.362516e-16 1.019365e-14 0.0 0.0 2.763304e-15 0.0 
41.625 0.0 1.0412064e-14 0.0 0.0 1.1859084e-15 0.0 
41.875 0.0 1.0229546e-14 0.0 3.397496e-16 9.5818e-16 0.0 
42.125 0.0 9.4037232e-15 0.0 0.0 2.176316e-15 0.0 
42.375 0.0 8.8275148e-15 0.0 0.0 1.9615684e-15 0.0 
42.625 2.844352e-16 8.05021e-15 0.0 0.0 2.2308052e-15 0.0 
42.875 1.4235368e-15 9.781814e-15 0.0 0.0 1.7590188e-15 0.0 
43.125 0.0 6.097216e-15 0.0 0.0 1.2680116e-15 0.0 
43.375 0.0 9.767108e-15 0.0 0.0 1.8010912e-15 0.0 
43.625 0.0 1.03795308e-14 0.0 0.0 7.78268e-16 0.0 
43.875 7.607952e-16 8.4063468e-15 0.0 0.0 2.1002308e-15 0.0 
44.125 0.0 1.14160184e-14 0.0 0.0 7.969136e-16 0.0 
44.375 0.0 8.33332e-15 0.0 4.0084e-16 1.3432564e-15 0.0 
44.625 0.0 7.3330696e-15 0.0 0.0 8.164364e-16 0.0 
44.875 3.330188e-16 7.9646596e-15 0.0 0.0 1.9211168e-15 0.0 
45.125 0.0 6.9498324e-15 0.0 0.0 1.1086888e-15 0.0 
45.375 5.15952e-16 7.587812e-15 0.0 0.0 5.629884e-16 0.0 
45.625 0.0 8.2326532e-15 0.0 0.0 1.701176e-15 0.0 
45.875 0.0 6.6116572e-15 0.0 0.0 1.1481148e-15 0.0 
46.125 0.0 7.2504616e-15 0.0 0.0 5.796776e-16 0.0 
46.375 0.0 9.0980532e-15 0.0 0.0 8.805324e-16 0.0 
46.625 3.91726e-16 5.9346584e-15 0.0 4.35184e-16 1.1894124e-15 0.0 
46.875 0.0 7.78908e-15 0.0 0.0 6.003868e-16 0.0 
47.125 0.0 6.0656308e-15 0.0 0.0 6.04206e-16 0.0 
47.375 0.0 5.20929e-15 0.0 0.0 3.078768e-16 0.0 
47.625 0.0 5.5785636e-15 0.0 0.0 1.5495836e-15 0.0 
47.875 0.0 5.9440728e-15 0.0 0.0 3.116404e-16 0.0 
48.125 0.0 3.7955864e-15 0.0 0.0 3.1549e-16 0.0 
48.375 0.0 6.071348e-15 0.0 0.0 0.0 0.0 
48.625 0.0 5.1597468e-15 0.0 0.0 9.66676e-16 0.0 
48.875 0.0 5.2238736e-15 0.0 4.79836e-16 6.515792e-16 0.0 
49.125 0.0 5.2690332e-15 0.0 0.0 0.0 0.0 
49.375 0.0 4.661368e-15 0.0 0.0 3.324088e-16 0.0 
49.625 0.0 3.3638324e-15 0.0 0.0 6.732556e-16 0.0 
49.875 0.0 4.3207644e-15 0.0 0.0 3.396532e-16 0.0 
50.125 0.0 6.85691e-15 0.0 0.0 6.866432e-16 0.0 
50.375 0.0 3.1235836e-15 0.0 0.0 0.0 0.0 
50.625 0.0 5.2431204e-15 0.0 0.0 0.0 0.0 
50.875 0.0 6.3552872e-15 0.0 0.0 7.056572e-16 0.0 
51.125 0.0 3.920822e-15 0.0 0.0 0.0 0.0 
51.375 0.0 3.5970736e-15 0.0 0.0 3.607668e-16 0.0 
51.625 0.0 3.6387164e-15 0.0 0.0 7.281588e-16 0.0 
51.875 0.0 2.9354016e-15 0.0 0.0 7.357044e-16 0.0 
52.125 0.0 3.3404176e-15 0.0 0.0 0.0 0.0 
52.375 0.0 4.1209392e-15 0.0 0.0 0.0 0.0 
52.625 0.0 3.773886e-15 0.0 0.0 0.0 0.0 
52.875 6.6968e-16 4.959152e-15 0.0 0.0 7.645024e-16 0.0 
53.125 0.0 2.3140384e-15 0.0 0.0 0.0 0.0 
53.375 6.82468e-16 2.331104e-15 0.0 0.0 3.880204e-16 0.0 
53.625 0.0 3.5307376e-15 0.0 0.0 3.910524e-16 0.0 
53.875 5.31848e-16 1.589996e-15 0.0 0.0 7.904332e-16 0.0 
54.125 0.0 2.3963556e-15 0.0 0.0 0.0 0.0 
54.375 0.0 3.628864e-15 0.0 0.0 0.0 0.0 
54.625 0.0 2.0347e-15 0.0 0.0 4.0682e-16 0.0 
54.875 0.0 1.642792e-15 0.0 0.0 1.231464e-15 0.0 
55.125 0.0 4.97478e-15 0.0 0.0 0.0 0.0 
55.375 0.0 2.095644e-15 0.0 0.0 0.0 0.0 
55.625 0.0 2.534308e-15 0.0 0.0 4.24128e-16 0.0 
55.875 0.0 1.27572e-15 0.0 0.0 4.25224e-16 0.0 
56.125 0.0 2.148028e-15 0.0 0.0 4.28752e-16 0.0 
56.375 0.0 3.02764e-15 0.0 0.0 4.32168e-16 0.0 
56.625 0.0 3.935524e-15 0.0 0.0 8.75784e-16 0.0 
56.875 0.0 3.096052e-15 0.0 0.0 8.80756e-16 0.0 
57.125 0.0 4.44484e-16 0.0 0.0 0.0 0.0 
57.375 0.0 3.142844e-15 0.0 0.0 4.48568e-16 0.0 
57.625 0.0 3.170076e-15 0.0 0.0 4.53624e-16 0.0 
57.875 0.0 3.654692e-15 0.0 0.0 0.0 0.0 
58.125 0.0 2.767504e-15 0.0 0.0 4.62532e-16 0.0 
58.375 0.0 3.249316e-15 0.0 0.0 0.0 0.0 
58.625 0.0 1.872424e-15 0.0 0.0 0.0 0.0 
58.875 0.0 1.892188e-15 0.0 0.0 0.0 0.0 
59.125 0.0 4.769e-16 0.0 0.0 0.0 0.0 
59.375 0.0 9.63236e-16 0.0 0.0 4.8164e-16 0.0 
59.625 0.0 1.455416e-15 0.0 0.0 0.0 0.0 
59.875 0.0 9.77484e-16 0.0 0.0 4.88592e-16 0.0 
60.125 0.0 1.97482e-15 0.0 0.0 4.91476e-16 0.0 
60.375 0.0 2.986168e-15 0.0 0.0 0.0 0.0 
60.625 7.41244e-16 2.505656e-15 0.0 0.0 0.0 0.0 
60.875 0.0 2.022688e-15 0.0 0.0 0.0 0.0 
61.125 0.0 1.01934e-15 0.0 0.0 0.0 0.0 
61.375 0.0 1.545968e-15 0.0 0.0 0.0 0.0 
61.625 0.0 1.555832e-15 0.0 0.0 0.0 0.0 
61.875 0.0 1.5689e-15 0.0 0.0 0.0 0.0 
62.125 0.0 5.2816e-16 0.0 0.0 0.0 0.0 
62.375 0.0 1.063224e-15 0.0 0.0 0.0 0.0 
62.625 0.0 2.144188e-15 0.0 0.0 0.0 0.0 
62.875 0.0 5.37556e-16 0.0 0.0 0.0 0.0 
63.125 0.0 1.08702e-15 0.0 0.0 0.0 0.0 
63.375 0.0 1.095276e-15 0.0 0.0 0.0 0.0 
63.625 0.0 2.75608e-15 0.0 0.0 0.0 0.0 
63.875 0.0 1.113212e-15 0.0 0.0 0.0 0.0 
64.125 0.0 5.6284e-16 0.0 0.0 0.0 0.0 
64.375 0.0 0.0 0.0 0.0 0.0 0.0 
64.625 0.0 5.6828e-16 0.0 0.0 0.0 0.0 
64.875 0.0 5.76064e-16 0.0 0.0 0.0 0.0 
65.125 0.0 1.737576e-15 0.0 0.0 0.0 0.0 
65.375 0.0 1.167116e-15 0.0 0.0 0.0 0.0 
65.625 0.0 1.76226e-15 0.0 0.0 0.0 0.0 
65.875 0.0 1.182884e-15 0.0 0.0 0.0 0.0 
66.125 0.0 1.19452e-15 0.0 0.0 0.0 0.0 
66.375 0.0 1.20086e-15 0.0 0.0 0.0 0.0 
66.625 0.0 1.813852e-15 0.0 0.0 0.0 0.0 
66.875 0.0 6.11444e-16 0.0 0.0 0.0 0.0 
67.125 0.0 1.8474e-15 0.0 0.0 0.0 0.0 
67.375 0.0 1.242356e-15 0.0 0.0 0.0 0.0 
67.625 0.0 1.87422e-15 0.0 0.0 6.2416e-16 0.0 
67.875 0.0 6.30484e-16 0.0 0.0 0.0 0.0 
68.125 0.0 6.32712e-16 0.0 0.0 0.0 0.0 
68.375 0.0 6.3966e-16 0.0 0.0 0.0 0.0 
68.625 0.0 6.42584e-16 0.0 0.0 0.0 0.0 
68.875 0.0 1.292112e-15 0.0 0.0 0.0 0.0 
69.125 0.0 0.0 0.0 0.0 0.0 0.0 
69.375 0.0 1.31424e-15 0.0 0.0 0.0 0.0 
69.625 0.0 0.0 0.0 0.0 0.0 0.0 
69.875 0.0 1.33296e-15 0.0 0.0 0.0 0.0 
70.125 0.0 0.0 0.0 0.0 0.0 0.0 
70.375 0.0 6.75512e-16 0.0 0.0 0.0 0.0 
70.625 0.0 6.80696e-16 0.0 0.0 0.0 0.0 
70.875 0.0 1.37054e-15 0.0 0.0 0.0 0.0 
71.125 0.0 0.0 0.0 0.0 0.0 0.0 
71.375 0.0 6.9732e-16 0.0 0.0 0.0 0.0 
71.625 0.0 1.398704e-15 0.0 0.0 0.0 0.0 
71.875 0.0 0.0 0.0 0.0 0.0 0.0 
72.125 0.0 1.421332e-15 0.0 0.0 0.0 0.0 
72.375 0.0 0.0 0.0 0.0 0.0 0.0 
72.625 0.0 0.0 0.0 0.0 0.0 0.0 
72.875 0.0 7.25792e-16 0.0 0.0 0.0 0.0 
73.125 0.0 7.28076e-16 0.0 0.0 0.0 0.0 
73.375 0.0 7.34484e-16 0.0 0.0 0.0 0.0 
73.625 0.0 7.41832e-16 0.0 0.0 0.0 0.0 
73.875 0.0 0.0 0.0 0.0 0.0 0.0 
74.125 0.0 0.0 0.0 0.0 0.0 0.0 
74.375 0.0 0.0 0.0 0.0 0.0 0.0 
74.625 0.0 0.0 0.0 0.0 0.0 0.0 
74.875 0.0 7.65056e-16 0.0 0.0 0.0 0.0 
75.125 0.0 0.0 0.0 0.0 0.0 0.0 
75.375 0.0 7.7498e-16 0.0 0.0 0.0 0.0 
75.625 0.0 0.0 0.0 0.0 0.0 0.0 
75.875 0.0 7.85352e-16 0.0 0.0 0.0 0.0 
76.125 0.0 0.0 0.0 0.0 0.0 0.0 
76.375 0.0 0.0 0.0 0.0 0.0 0.0 
76.625 0.0 8.03628e-16 0.0 0.0 0.0 0.0 
76.875 0.0 8.0844e-16 0.0 0.0 0.0 0.0 
77.125 0.0 0.0 0.0 0.0 0.0 0.0 
77.375 0.0 0.0 0.0 0.0 0.0 0.0 
77.625 0.0 0.0 0.0 0.0 0.0 0.0 
77.875 0.0 0.0 0.0 0.0 0.0 0.0 
78.125 0.0 0.0 0.0 0.0 0.0 0.0 
78.375 0.0 0.0 0.0 0.0 0.0 0.0 
78.625 0.0 0.0 0.0 0.0 0.0 0.0 
78.875 0.0 0.0 0.0 0.0 0.0 0.0 
79.125 0.0 8.545e-16 0.0 0.0 0.0 0.0 
79.375 0.0 0.0 0.0 0.0 0.0 0.0 
79.625 0.0 0.0 0.0 0.0 0.0 0.0 
79.875 0.0 0.0 0.0 0.0 0.0 0.0 
80.125 0.0 0.0 0.0 0.0 0.0 0.0 
80.375 0.0 0.0 0.0 0.0 0.0 0.0 
80.625 0.0 0.0 0.0 0.0 0.0 0.0 
80.875 0.0 0.0 0.0 0.0 0.0 0.0 
81.125 0.0 0.0 0.0 0.0 0.0 0.0 
81.375 0.0 0.0 0.0 0.0 0.0 0.0 
81.625 0.0 0.0 0.0 0.0 0.0 0.0 
81.875 0.0 0.0 0.0 0.0 0.0 0.0 
82.125 0.0 0.0 0.0 0.0 0.0 0.0 
82.375 0.0 0.0 0.0 0.0 0.0 0.0 
82.625 0.0 0.0 0.0 0.0 0.0 0.0 
82.875 0.0 0.0 0.0 0.0 0.0 0.0 
83.125 0.0 0.0 0.0 0.0 0.0 0.0 
83.375 0.0 0.0 0.0 0.0 0.0 0.0 
83.625 0.0 0.0 0.0 0.0 0.0 0.0 
83.875 0.0 9.60224e-16 0.0 0.0 0.0 0.0 
84.125 0.0 0.0 0.0 0.0 0.0 0.0 
84.375 0.0 0.0 0.0 0.0 0.0 0.0 
84.625 0.0 0.0 0.0 0.0 0.0 0.0 
84.875 0.0 0.0 0.0 0.0 0.0 0.0 
85.125 0.0 0.0 0.0 0.0 0.0 0.0 
85.375 0.0 0.0 0.0 0.0 0.0 0.0 
85.625 0.0 0.0 0.0 0.0 0.0 0.0 
85.875 0.0 0.0 0.0 0.0 0.0 0.0 
86.125 0.0 0.0 0.0 0.0 0.0 0.0 
86.375 0.0 0.0 0.0 0.0 0.0 0.0 
86.625 0.0 0.0 0.0 0.0 0.0 0.0 
86.875 0.0 0.0 0.0 0.0 0.0 0.0 
87.125 0.0 0.0 0.0 0.0 0.0 0.0 
87.375 0.0 0.0 0.0 0.0 0.0 0.0 
87.625 0.0 0.0 0.0 0.0 0.0 0.0 
87.875 0.0 0.0 0.0 0.0 0.0 0.0 
88.125 0.0 0.0 0.0 0.0 0.0 0.0 
88.375 0.0 0.0 0.0 0.0 0.0 0.0 
88.625 0.0 0.0 0.0 0.0 0.0 0.0 
88.875 0.0 0.0 0.0 0.0 0.0 0.0 
89.125 0.0 0.0 0.0 0.0 0.0 0.0 
89.375 0.0 0.0 0.0 0.0 0.0 0.0 
89.625 0.0 0.0 0.0 0.0 0.0 0.0 
89.875 0.0 0.0 0.0 0.0 0.0 0.0 
90.125 0.0 0.0 0.0 0.0 0.0 0.0 
90.375 0.0 0.0 0.0 0.0 0.0 0.0 
90.625 0.0 0.0 0.0 0.0 0.0 0.0 
90.875 0.0 0.0 0.0 0.0 0.0 0.0 
91.125 0.0 0.0 0.0 0.0 0.0 0.0 
91.375 0.0 0.0 0.0 0.0 0.0 0.0 
91.625 0.0 0.0 0.0 0.0 0.0 0.0 
91.875 0.0 0.0 0.0 0.0 0.0 0.0 
92.125 0.0 0.0 0.0 0.0 0.0 0.0 
92.375 0.0 0.0 0.0 0.0 0.0 0.0 
92.625 0.0 0.0 0.0 0.0 0.0 0.0 
92.875 0.0 0.0 0.0 0.0 0.0 0.0 
93.125 0.0 0.0 0.0 0.0 0.0 0.0 
93.375 0.0 0.0 0.0 0.0 0.0 0.0 
93.625 0.0 0.0 0.0 0.0 0.0 0.0 
93.875 0.0 0.0 0.0 0.0 0.0 0.0 
94.125 0.0 0.0 0.0 0.0 0.0 0.0 
94.375 0.0 0.0 0.0 0.0 0.0 0.0 
94.625 0.0 0.0 0.0 0.0 0.0 0.0 
94.875 0.0 0.0 0.0 0.0 0.0 0.0 
95.125 0.0 0.0 0.0 0.0 0.0 0.0 
95.375 0.0 0.0 0.0 0.0 0.0 0.0 
95.625 0.0 0.0 0.0 0.0 0.0 0.0 
95.875 0.0 0.0 0.0 0.0 0.0 0.0 
96.125 0.0 0.0 0.0 0.0 0.0 0.0 
96.375 0.0 0.0 0.0 0.0 0.0 0.0 
96.625 0.0 0.0 0.0 0.0 0.0 0.0 
96.875 0.0 0.0 0.0 0.0 0.0 0.0 
97.125 0.0 0.0 0.0 0.0 0.0 0.0 
97.375 0.0 0.0 0.0 0.0 0.0 0.0 
97.625 0.0 0.0 0.0 0.0 0.0 0.0 
97.875 0.0 0.0 0.0 0.0 0.0 0.0 
98.125 0.0 0.0 0.0 0.0 0.0 0.0 
98.375 0.0 0.0 0.0 0.0 0.0 0.0 
98.625 0.0 0.0 0.0 0.0 0.0 0.0 
98.875 0.0 0.0 0.0 0.0 0.0 0.0 
99.125 0.0 0.0 0.0 0.0 0.0 0.0 
99.375 0.0 0.0 0.0 0.0 0.0 0.0 
99.625 0.0 0.0 0.0 0.0 0.0 0.0 
99.875 0.0 0.0 0.0 0.0 0.0 0.0 
100.125 0.0 0.0 0.0 0.0 0.0 0.0 
100.375 0.0 0.0 0.0 0.0 0.0 0.0 
100.625 0.0 0.0 0.0 0.0 0.0 0.0 
100.875 0.0 0.0 0.0 0.0 0.0 0.0 
101.125 0.0 0.0 0.0 0.0 0.0 0.0 
101.375 0.0 0.0 0.0 0.0 0.0 0.0 
101.625 0.0 0.0 0.0 0.0 0.0 0.0 
101.875 0.0 0.0 0.0 0.0 0.0 0.0 
102.125 0.0 0.0 0.0 0.0 0.0 0.0 
102.375 0.0 0.0 0.0 0.0 0.0 0.0 
102.625 0.0 0.0 0.0 0.0 0.0 0.0 
102.875 0.0 0.0 0.0 0.0 0.0 0.0 
103.125 0.0 0.0 0.0 0.0 0.0 0.0 
103.375 0.0 0.0 0.0 0.0 0.0 0.0 
103.625 0.0 0.0 0.0 0.0 0.0 0.0 
103.875 0.0 0.0 0.0 0.0 0.0 0.0 
104.125 0.0 0.0 0.0 0.0 0.0 0.0 
104.375 0.0 0.0 0.0 0.0 0.0 0.0 
104.625 0.0 0.0 0.0 0.0 0.0 0.0 
104.875 0.0 0.0 0.0 0.0 0.0 0.0 
105.125 0.0 0.0 0.0 0.0 0.0 0.0 
105.375 0.0 0.0 0.0 0.0 0.0 0.0 
105.625 0.0 0.0 0.0 0.0 0.0 0.0 
105.875 0.0 0.0 0.0 0.0 0.0 0.0 
106.125 0.0 0.0 0.0 0.0 0.0 0.0 
106.375 0.0 0.0 0.0 0.0 0.0 0.0 
106.625 0.0 0.0 0.0 0.0 0.0 0.0 
106.875 0.0 0.0 0.0 0.0 0.0 0.0 
107.125 0.0 0.0 0.0 0.0 0.0 0.0 
107.375 0.0 0.0 0.0 0.0 0.0 0.0 
107.625 0.0 0.0 0.0 0.0 0.0 0.0 
107.875 0.0 0.0 0.0 0.0 0.0 0.0 
108.125 0.0 0.0 0.0 0.0 0.0 0.0 
108.375 0.0 0.0 0.0 0.0 0.0 0.0 
108.625 0.0 0.0 0.0 0.0 0.0 0.0 
108.875 0.0 0.0 0.0 0.0 0.0 0.0 
109.125 0.0 0.0 0.0 0.0 0.0 0.0 
109.375 0.0 0.0 0.0 0.0 0.0 0.0 
109.625 0.0 0.0 0.0 0.0 0.0 0.0 
109.875 0.0 0.0 0.0 0.0 0.0 0.0 
110.125 0.0 0.0 0.0 0.0 0.0 0.0 
110.375 0.0 0.0 0.0 0.0 0.0 0.0 
110.625 0.0 0.0 0.0 0.0 0.0 0.0 
110.875 0.0 0.0 0.0 0.0 0.0 0.0 
111.125 0.0 0.0 0.0 0.0 0.0 0.0 
111.375 0.0 0.0 0.0 0.0 0.0 0.0 
111.625 0.0 0.0 0.0 0.0 0.0 0.0 
111.875 0.0 0.0 0.0 0.0 0.0 0.0 
112.125 0.0 0.0 0.0 0.0 0.0 0.0 
112.375 0.0 0.0 0.0 0.0 0.0 0.0 
112.625 0.0 0.0 0.0 0.0 0.0 0.0 
112.875 0.0 0.0 0.0 0.0 0.0 0.0 
113.125 0.0 0.0 0.0 0.0 0.0 0.0 
113.375 0.0 0.0 0.0 0.0 0.0 0.0 
113.625 0.0 0.0 0.0 0.0 0.0 0.0 
113.875 0.0 0.0 0.0 0.0 0.0 0.0 
114.125 0.0 0.0 0.0 0.0 0.0 0.0 
114.375 0.0 0.0 0.0 0.0 0.0 0.0 
114.625 0.0 0.0 0.0 0.0 0.0 0.0 
114.875 0.0 0.0 0.0 0.0 0.0 0.0 
115.125 0.0 0.0 0.0 0.0 0.0 0.0 
115.375 0.0 0.0 0.0 0.0 0.0 0.0 
115.625 0.0 0.0 0.0 0.0 0.0 0.0 
115.875 0.0 0.0 0.0 0.0 0.0 0.0 
116.125 0.0 0.0 0.0 0.0 0.0 0.0 
116.375 0.0 0.0 0.0 0.0 0.0 0.0 
116.625 0.0 0.0 0.0 0.0 0.0 0.0 
116.875 0.0 0.0 0.0 0.0 0.0 0.0 
117.125 0.0 0.0 0.0 0.0 0.0 0.0 
117.375 0.0 0.0 0.0 0.0 0.0 0.0 
117.625 0.0 0.0 0.0 0.0 0.0 0.0 
117.875 0.0 0.0 0.0 0.0 0.0 0.0 
118.125 0.0 0.0 0.0 0.0 0.0 0.0 
118.375 0.0 0.0 0.0 0.0 0.0 0.0 
118.625 0.0 0.0 0.0 0.0 0.0 0.0 
118.875 0.0 0.0 0.0 0.0 0.0 0.0 
119.125 0.0 0.0 0.0 0.0 0.0 0.0 
119.375 0.0 0.0 0.0 0.0 0.0 0.0 
119.625 0.0 0.0 0.0 0.0 0.0 0.0 
119.875 0.0 0.0 0.0 0.0 0.0 0.0 
120.125 0.0 0.0 0.0 0.0 0.0 0.0 
120.375 0.0 0.0 0.0 0.0 0.0 0.0 
120.625 0.0 0.0 0.0 0.0 0.0 0.0 
120.875 0.0 0.0 0.0 0.0 0.0 0.0 
121.125 0.0 0.0 0.0 0.0 0.0 0.0 
121.375 0.0 0.0 0.0 0.0 0.0 0.0 
121.625 0.0 0.0 0.0 0.0 0.0 0.0 
121.875 0.0 0.0 0.0 0.0 0.0 0.0 
122.125 0.0 0.0 0.0 0.0 0.0 0.0 
122.375 0.0 0.0 0.0 0.0 0.0 0.0 
122.625 0.0 0.0 0.0 0.0 0.0 0.0 
122.875 0.0 0.0 0.0 0.0 0.0 0.0 
123.125 0.0 0.0 0.0 0.0 0.0 0.0 
123.375 0.0 0.0 0.0 0.0 0.0 0.0 
123.625 0.0 0.0 0.0 0.0 0.0 0.0 
123.875 0.0 0.0 0.0 0.0 0.0 0.0 
124.125 0.0 0.0 0.0 0.0 0.0 0.0 
124.375 0.0 0.0 0.0 0.0 0.0 0.0 
124.625 0.0 0.0 0.0 0.0 0.0 0.0 
124.875 0.0 0.0 0.0 0.0 0.0 0.0 
125.125 0.0 0.0 0.0 0.0 0.0 0.0 
