    0.970626831    0.024761660
    0.958209395    0.024882618
    0.950019479    0.025004175
    0.941899538    0.025126318
    0.929849625    0.025249064
    0.921902120    0.025372410
    0.914022505    0.025496352
    0.906210244    0.025620906
    0.894616902    0.025746062
    0.886970520    0.025871836
    0.879389524    0.025998225
    0.868139267    0.026125224
    0.860719204    0.026252851
    0.853362560    0.026381100
    0.842445314    0.026509969
    0.835244834    0.026639475
    0.828105927    0.026769614
    0.821028054    0.026900388
    0.810524404    0.027031794
    0.803596735    0.027163850
    0.796728313    0.027296551
    0.786535621    0.027429890
    0.779812992    0.027563890
    0.773147881    0.027698545
    0.766539693    0.027833859
    0.756733179    0.027969824
    0.750265300    0.028106460
    0.743852735    0.028243767
    0.734336436    0.028381735
    0.728060007    0.028520385
    0.721837163    0.028659711
    0.715667546    0.028799711
    0.706511915    0.028940404
    0.700473249    0.029081782
    0.694486260    0.029223844
    0.685601532    0.029366609
    0.679741621    0.029510070
    0.673931777    0.029654231
    0.665310025    0.029799089
    0.659623563    0.029944664
    0.653985679    0.030090949
    0.645619094    0.030237939
    0.640100956    0.030385658
    0.634629905    0.030534096
    0.629205704    0.030683262
    0.621156096    0.030833146
    0.615846992    0.030983772
    0.610583305    0.031135133
    0.605364561    0.031287227
    0.597620010    0.031440068
    0.592512131    0.031593658
    0.587447822    0.031747993
    0.579932511    0.031903088
    0.574975729    0.032058928
    0.570061386    0.032215543
    0.562768459    0.032372922
    0.557958424    0.032531060
    0.553189456    0.032689981
    0.546112418    0.032849669
    0.541444719    0.033010144
    0.536816955    0.033171404
    0.532228708    0.033333443
    0.525419772    0.033496283
    0.520929039    0.033659913
    0.516476572    0.033824347
    0.512062192    0.033989582
    0.507685542    0.034155618
    0.501190603    0.034322474
    0.496906877    0.034490138
    0.492659748    0.034658629
    0.488448948    0.034827944
    0.482200116    0.034998074
    0.478078693    0.035169046
    0.473992497    0.035340853
    0.469941258    0.035513490
    0.463929176    0.035686977
    0.459963948    0.035861317
    0.456032574    0.036036506
    0.452134818    0.036212541
    0.446350574    0.036389444
    0.442535549    0.036567215
    0.438753128    0.036745843
    0.433140069    0.036925353
    0.429437965    0.037105739
    0.425767511    0.037287008
    0.422128439    0.037469149
    0.416728079    0.037652194
    0.413166255    0.037836131
    0.409634888    0.038020957
    0.406133652    0.038206697
    0.400937915    0.038393345
    0.397511035    0.038580891
    0.394113481    0.038769364
    0.390744954    0.038958762
    0.385746092    0.039149072
    0.382449090    0.039340321
    0.379180253    0.039532505
    0.375939369    0.039725628
    0.371129870    0.039919686
    0.367957771    0.040114701
    0.364812791    0.040310670
    0.361694723    0.040507581
    0.357067466    0.040705469
    0.354015589    0.040904310
    0.350989789    0.041104134
    0.346499473    0.041304938
    0.343537927    0.041506708
    0.340601653    0.041709475
    0.337690502    0.041913223
    0.333370358    0.042117976
    0.330521017    0.042323731
    0.327696025    0.042530477
    0.324895173    0.042738248
    0.322118253    0.042947032
    0.317997336    0.043156836
    0.315279365    0.043367650
    0.312584639    0.043579511
    0.309912950    0.043792404
    0.305948168    0.044006325
    0.303333193    0.044221304
    0.300740570    0.044437334
    0.298170120    0.044654407
    0.294355571    0.044872552
    0.291839689    0.045091763
    0.289345294    0.045312032
    0.286872238    0.045533389
    0.283202201    0.045755826
    0.280781657    0.045979351
    0.278381795    0.046203956
    0.274820358    0.046429671
    0.272471428    0.046656489
    0.270142585    0.046884403
    0.267833650    0.047113441
    0.264407188    0.047343586
    0.262147278    0.047574867
    0.259906679    0.047807280
    0.257685244    0.048040811
    0.254388601    0.048275501
    0.252214372    0.048511323
    0.250058651    0.048748307
    0.247921392    0.048986454
    0.244749680    0.049225748
    0.242657736    0.049466223
    0.240583718    0.049707875
    0.237505883    0.049950708
    0.235475898    0.050194710
    0.233463258    0.050439920
    0.231467828    0.050686330
    0.228506610    0.050933927
    0.226553530    0.051182751
    0.224617153    0.051432785
    0.221743584    0.051684029
    0.970626831    0.051684029
    0.219848320    0.051936515
    0.962330759    0.051936515
    0.217969254    0.052190237
    0.954105616    0.052190237
    0.216106251    0.052445181
    0.945950806    0.052445181
    0.213341549    0.052701384
    0.937865674    0.052701384
    0.211518109    0.052958839
    0.925867319    0.052958839
    0.209710240    0.053217553
    0.917953849    0.053217553
    0.207917824    0.053477515
    0.906210244    0.053477515
    0.205257878    0.053738765
    0.898464799    0.053738765
    0.203503519    0.054001287
    0.890785515    0.054001287
    0.201764166    0.054265078
    0.883171916    0.054265078
    0.200039655    0.054530174
    0.871873260    0.054530174
    0.197480515    0.054796547
    0.864421308    0.054796547
    0.195792630    0.055064239
    0.857033014    0.055064239
    0.194119170    0.055333238
    0.849707842    0.055333238
    0.192460015    0.055603534
    0.838837385    0.055603534
    0.189997822    0.055875167
    0.831667721    0.055875167
    0.188373893    0.056148112
    0.821028054    0.056148112
    0.186763838    0.056422409
    0.814010620    0.056422409
    0.185167551    0.056698039
    0.807053149    0.056698039
    0.182798669    0.056975007
    0.800155163    0.056975007
    0.181236267    0.057253338
    0.789918602    0.057253338
    0.179687217    0.057533033
    0.783167064    0.057533033
    0.178151414    0.057814091
    0.776473284    0.057814091
    0.175872296    0.058096506
    0.769836664    0.058096506
    0.174369097    0.058380321
    0.759988010    0.058380321
    0.172878742    0.058665518
    0.753492296    0.058665518
    0.171401128    0.058952093
    0.747052133    0.058952093
    0.169936150    0.059240084
    0.737494946    0.059240084
    0.167762116    0.059529483
    0.731191456    0.059529483
    0.166328236    0.059820279
    0.724941909    0.059820279
    0.164906606    0.060112514
    0.718745768    0.060112514
    0.162796929    0.060406171
    0.712602556    0.060406171
    0.161405489    0.060701251
    0.703486085    0.060701251
    0.160025939    0.060997788
    0.697473347    0.060997788
    0.158658177    0.061295774
    0.688550413    0.061295774
    0.156628430    0.061595213
    0.682665288    0.061595213
    0.155289710    0.061896101
    0.676830471    0.061896101
    0.153962433    0.062198475
    0.668171585    0.062198475
    0.152646497    0.062502325
    0.662460685    0.062502325
    0.150693655    0.062807642
    0.656798542    0.062807642
    0.149405673    0.063114472
    0.651184857    0.063114472
    0.148128688    0.063422777
    0.645619094    0.063422777
    0.146233633    0.063732609
    0.640100956    0.063732609
    0.144983768    0.064043954
    0.631911993    0.064043954
    0.143744558    0.064356804
    0.626510978    0.064356804
    0.142515957    0.064671196
    0.618495822    0.064671196
    0.140692711    0.064987108
    0.613209486    0.064987108
    0.139490202    0.065304585
    0.607968330    0.065304585
    0.138297960    0.065623611
    0.600190461    0.065623611
    0.137115926    0.065944172
    0.595060587    0.065944172
    0.135361761    0.066266321
    0.589974523    0.066266321
    0.134204820    0.066590048
    0.584931970    0.066590048
    0.133057758    0.066915348
    0.579932511    0.066915348
    0.131920502    0.067242227
    0.572513282    0.067242227
    0.130232811    0.067570716
    0.567619920    0.067570716
    0.129119694    0.067900814
    0.562768459    0.067900814
    0.128016099    0.068232499
    0.555568814    0.068232499
    0.126921922    0.068565831
    0.550820291    0.068565831
    0.125298187    0.068900786
    0.546112418    0.068900786
    0.124227256    0.069237359
    0.539125860    0.069237359
    0.123165473    0.069575593
    0.534517884    0.069575593
    0.121589787    0.069915488
    0.529949307    0.069915488
    0.120550551    0.070257016
    0.525419772    0.070257016
    0.119520187    0.070600234
    0.520929039    0.070600234
    0.118498638    0.070945129
    0.514264643    0.070945129
    0.117485821    0.071291707
    0.509869158    0.071291707
    0.115982801    0.071639962
    0.503346264    0.071639962
    0.114991479    0.071989939
    0.499044120    0.071989939
    0.114008635    0.072341621
    0.494778752    0.072341621
    0.113034196    0.072695002
    0.490549833    0.072695002
    0.111588120    0.073050134
    0.486357033    0.073050134
    0.110634372    0.073406994
    0.480134964    0.073406994
    0.109688766    0.073765598
    0.476031214    0.073765598
    0.108751245    0.074125938
    0.471962541    0.074125938
    0.107359968    0.074488059
    0.465924621    0.074488059
    0.106442347    0.074851945
    0.461942315    0.074851945
    0.105532579    0.075217590
    0.457994044    0.075217590
    0.104630575    0.075585037
    0.452134818    0.075585037
    0.103292018    0.075954288
    0.448270380    0.075954288
    0.102409154    0.076325320
    0.444438964    0.076325320
    0.101533853    0.076698177
    0.440640271    0.076698177
    0.100666031    0.077072844
    0.436874062    0.077072844
    0.099378191    0.077449359
    0.431285053    0.077449359
    0.098528795    0.077827714
    0.427598804    0.077827714
    0.097686663    0.078207895
    0.423944086    0.078207895
    0.096851721    0.078589953
    0.418520480    0.078589953
    0.095612675    0.078973860
    0.414943337    0.078973860
    0.094795465    0.079359658
    0.411396772    0.079359658
    0.093985237    0.079747342
    0.406133652    0.079747342
    0.093181938    0.080136903
    0.402662396    0.080136903
    0.091989845    0.080528386
    0.399220794    0.080528386
    0.091203593    0.080921784
    0.395808607    0.080921784
    0.090424068    0.081317075
    0.392425597    0.081317075
    0.089267254    0.081714325
    0.387405246    0.081714325
    0.088504277    0.082113512
    0.384094059    0.082113512
    0.087747820    0.082514651
    0.379180253    0.082514651
    0.086997837    0.082917728
    0.375939369    0.082917728
    0.085884854    0.083322801
    0.372726142    0.083322801
    0.085150786    0.083729848
    0.369540423    0.083729848
    0.084422991    0.084138855
    0.364812791    0.084138855
    0.083701424    0.084549889
    0.361694723    0.084549889
    0.082630612    0.084962934
    0.358603269    0.084962934
    0.081924357    0.085377991
    0.355538249    0.085377991
    0.081224144    0.085795052
    0.352499425    0.085795052
    0.080529913    0.086214177
    0.347989827    0.086214177
    0.079499677    0.086635351
    0.345015526    0.086635351
    0.078820184    0.087058559
    0.340601653    0.087058559
    0.078146502    0.087483853
    0.337690502    0.087483853
    0.077478573    0.087911226
    0.334804237    0.087911226
    0.076487370    0.088340670
    0.331942618    0.088340670
    0.075833626    0.088772230
    0.329105496    0.088772230
    0.075185470    0.089205869
    0.324895173    0.089205869
    0.074542850    0.089641660
    0.322118253    0.089641660
    0.073905729    0.090079576
    0.319365084    0.090079576
    0.072960235    0.090519607
    0.315279365    0.090519607
    0.072336636    0.090961806
    0.312584639    0.090961806
    0.071718365    0.091406152
    0.309912950    0.091406152
    0.071105383    0.091852687
    0.305948168    0.091852687
    0.070195720    0.092301399
    0.303333193    0.092301399
    0.069595747    0.092752285
    0.300740570    0.092752285
    0.069000907    0.093205392
    0.298170120    0.093205392
    0.068411149    0.093660720
    0.295621634    0.093660720
    0.067535952    0.094118245
    0.293094933    0.094118245
    0.066958711    0.094578028
    0.289345294    0.094578028
    0.066386409    0.095040061
    0.286872238    0.095040061
    0.065818995    0.095504351
    0.283202201    0.095504351
    0.065256439    0.095970877
    0.280781657    0.095970877
    0.064421594    0.096439712
    0.278381795    0.096439712
    0.063870981    0.096910842
    0.274820358    0.096910842
    0.063325070    0.097384237
    0.272471428    0.097384237
    0.062783822    0.097859979
    0.270142585    0.097859979
    0.061980616    0.098338045
    0.267833650    0.098338045
    0.061450861    0.098818414
    0.265544444    0.098818414
    0.060925633    0.099301159
    0.262147278    0.099301159
    0.060404897    0.099786267
    0.259906679    0.099786267
    0.059632123    0.100273713
    0.257685244    0.100273713
    0.059122439    0.100763567
    0.254388601    0.100763567
    0.058617115    0.101255797
    0.252214372    0.101255797
    0.058116108    0.101750441
    0.250058651    0.101750441
    0.057372618    0.102247506
    0.246859610    0.102247506
    0.056882247    0.102746993
    0.244749680    0.102746993
    0.056396071    0.103248917
    0.242657736    0.103248917
    0.055914048    0.103753306
    0.240583718    0.103753306
    0.055198725    0.104260147
    0.238527432    0.104260147
    0.054726936    0.104769461
    0.235475898    0.104769461
    0.054259181    0.105281264
    0.233463258    0.105281264
    0.053795423    0.105795585
    0.231467828    0.105795585
    0.053107206    0.106312394
    0.228506610    0.106312394
    0.052653294    0.106831737
    0.226553530    0.106831737
    0.052203260    0.107353628
    0.224617153    0.107353628
    0.051535413    0.107878059
    0.222697333    0.107878059
    0.051094934    0.108405061
    0.219848320    0.108405061
    0.050658219    0.108934626
    0.217969254    0.108934626
    0.050225239    0.109466776
    0.216106251    0.109466776
    0.049582697    0.110001542
    0.214259163    0.110001542
    0.049158908    0.110538900
    0.211518109    0.110538900
    0.048738740    0.111078903
    0.209710240    0.111078903
    0.048322167    0.111621529
    0.207917824    0.111621529
    0.047909152    0.112166807
    0.205257878    0.112166807
    0.047296241    0.112714760
    0.203503519    0.112714760
    0.046891995    0.113265380
    0.201764166    0.113265380
    0.046491206    0.113818683
    0.200039655    0.113818683
    0.046093840    0.114374690
    0.198329896    0.114374690
    0.045504149    0.114933431
    0.195792630    0.114933431
    0.045115221    0.115494892
    0.194119170    0.115494892
    0.044729616    0.116059087
    0.192460015    0.116059087
    0.044347309    0.116626054
    0.189997822    0.116626054
    0.043968268    0.117195778
    0.188373893    0.117195778
    0.043405760    0.117768288
    0.186763838    0.117768288
    0.043034766    0.118343607
    0.184374541    0.118343607
    0.042666946    0.118921719
    0.182798669    0.118921719
    0.042302266    0.119502671
    0.181236267    0.119502671
    0.041761085    0.120086446
    0.179687217    0.120086446
    0.041404147    0.120673075
    0.178151414    0.120673075
    0.041050263    0.121262588
    0.175872296    0.121262588
    0.040699404    0.121854961
    0.174369097    0.121854961
    0.040351540    0.122450240
    0.172878742    0.122450240
    0.039835315    0.123048417
    0.170667067    0.123048417
    0.039494839    0.123649515
    0.169208363    0.123649515
    0.039157271    0.124253564
    0.167762116    0.124253564
    0.038822591    0.124860547
    0.166328236    0.124860547
    0.038325936    0.125470504
    0.164906606    0.125470504
    0.037998360    0.126083449
    0.162796929    0.126083449
    0.037673585    0.126699373
    0.161405489    0.126699373
    0.037351582    0.127318293
    0.160025939    0.127318293
    0.037032336    0.127940252
    0.157978684    0.127940252
    0.036558565    0.128565267
    0.156628430    0.128565267
    0.036246095    0.129193306
    0.155289710    0.129193306
    0.035936296    0.129824430
    0.153303057    0.129824430
    0.035629142    0.130458638
    0.151992753    0.130458638
    0.035173330    0.131095931
    0.150693655    0.131095931
    0.034872703    0.131736353
    0.149405673    0.131736353
    0.034574643    0.132379889
    0.148128688    0.132379889
    0.034279127    0.133026585
    0.146233633    0.133026585
    0.033840589    0.133676425
    0.144983768    0.133676425
    0.033551350    0.134329438
    0.143744558    0.134329438
    0.033264581    0.134985670
    0.141905606    0.134985670
    0.032980267    0.135645077
    0.140692711    0.135645077
    0.032558344    0.136307701
    0.139490202    0.136307701
    0.032280065    0.136973590
    0.138297960    0.136973590
    0.032004163    0.137642711
    0.136528686    0.137642711
    0.031730618    0.138315111
    0.135361761    0.138315111
    0.031324685    0.138990805
    0.134204820    0.138990805
    0.031056948    0.139669776
    0.133057758    0.139669776
    0.030791501    0.140352070
    0.131355524    0.140352070
    0.030528322    0.141037703
    0.130232811    0.141037703
    0.030267393    0.141726688
    0.129119694    0.141726688
    0.029880177    0.142419025
    0.127467841    0.142419025
    0.029624788    0.143114761
    0.126378357    0.143114761
    0.029371582    0.143813893
    0.125298187    0.143813893
    0.029120540    0.144516438
    0.124227256    0.144516438
    0.028871644    0.145222425
    0.123165473    0.145222425
    0.028502282    0.145931840
    0.122112766    0.145931840
    0.028258670    0.146644726
    0.120550551    0.146644726
    0.028017141    0.147361115
    0.119520187    0.147361115
    0.027777676    0.148080975
    0.117991142    0.148080975
    0.027540257    0.148804381
    0.116982661    0.148804381
    0.027187929    0.149531290
    0.115982801    0.149531290
    0.026955551    0.150261760
    0.114499003    0.150261760
    0.026725158    0.150995821
    0.113520369    0.150995821
    0.026496736    0.151733443
    0.112550102    0.151733443
    0.026157757    0.152474687
    0.111588120    0.152474687
    0.025934184    0.153219521
    0.110634372    0.153219521
    0.025712522    0.153968006
    0.109219000    0.153968006
    0.025492756    0.154720172
    0.108285494    0.154720172
    0.025274865    0.155475989
    0.107359968    0.155475989
    0.024951519    0.156235516
    0.105986483    0.156235516
    0.024738256    0.156998739
    0.105080612    0.156998739
    0.024526816    0.157765672
    0.104182474    0.157765672
    0.024317183    0.158536375
    0.103292018    0.158536375
    0.024109341    0.159310848
    0.101970568    0.159310848
    0.023800906    0.160089090
    0.101099014    0.160089090
    0.023597477    0.160871133
    0.100234911    0.160871133
    0.023395786    0.161656991
    0.099378191    0.161656991
    0.023195820    0.162446693
    0.098106824    0.162446693
    0.022997564    0.163240284
    0.097268298    0.163240284
    0.022703350    0.164037719
    0.096436933    0.164037719
    0.022509303    0.164839044
    0.095203198    0.164839044
    0.022316914    0.165644288
    0.094389483    0.165644288
    0.022126168    0.166453496
    0.093582727    0.166453496
    0.021937054    0.167266622
    0.092782870    0.167266622
    0.021656409    0.168083757
    0.091989845    0.168083757
    0.021471309    0.168904856
    0.090812996    0.168904856
    0.021287791    0.169729963
    0.090036809    0.169729963
    0.021105843    0.170559123
    0.089267254    0.170559123
    0.020835824    0.171392307
    0.088125236    0.171392307
    0.020657739    0.172229588
    0.087372027    0.172229588
    0.020481175    0.173070937
    0.086625248    0.173070937
    0.020306122    0.173916399
    0.085517034    0.173916399
    0.020132562    0.174766004
    0.084786110    0.174766004
    0.019875007    0.175619751
    0.084061429    0.175619751
    0.019705134    0.176477656
    0.083342955    0.176477656
    0.019536711    0.177339762
    0.082630612    0.177339762
    0.019369729    0.178206101
    0.081573501    0.178206101
    0.019204175    0.179076642
    0.080876283    0.179076642
    0.019040035    0.179951444
    0.080185026    0.179951444
    0.018796451    0.180830538
    0.079159200    0.180830538
    0.018635796    0.181713894
    0.078482620    0.181713894
    0.018476509    0.182601586
    0.077811822    0.182601586
    0.018318588    0.183493629
    0.076816358    0.183493629
    0.018162018    0.184389994
    0.076159798    0.184389994
    0.017929668    0.185290754
    0.075508855    0.185290754
    0.017776420    0.186195925
    0.074863471    0.186195925
    0.017624484    0.187105507
    0.074223608    0.187105507
    0.017473845    0.188019514
    0.073274046    0.188019514
    0.017324494    0.188938007
    0.072647765    0.188938007
    0.017176419    0.189861000
    0.072026841    0.189861000
    0.017029611    0.190788478
    0.071105383    0.190788478
    0.016811749    0.191720486
    0.070497639    0.191720486
    0.016668057    0.192657083
    0.069895089    0.192657083
    0.016525593    0.193598211
    0.069297686    0.193598211
    0.016384346    0.194543973
    0.068411149    0.194543973
    0.016244309    0.195494339
    0.067826428    0.195494339
    0.016105467    0.196449339
    0.067246713    0.196449339
    0.015899425    0.197409019
    0.066671945    0.197409019
    0.015763532    0.198373377
    0.065818995    0.198373377
    0.015628800    0.199342459
    0.065256439    0.199342459
    0.015495218    0.200316265
    0.064698681    0.200316265
    0.015362780    0.201294810
    0.063870981    0.201294810
    0.015231472    0.202278182
    0.063325070    0.202278182
    0.015036613    0.203266323
    0.062783822    0.203266323
    0.014908093    0.204259276
    0.062247202    0.204259276
    0.014780672    0.205257088
    0.061715171    0.205257088
    0.014654340    0.206259817
    0.060925633    0.206259817
    0.014529089    0.207267404
    0.060404897    0.207267404
    0.014404907    0.208279908
    0.059632123    0.208279908
    0.014220621    0.209297404
    0.059122439    0.209297404
    0.014099076    0.210319817
    0.058617115    0.210319817
    0.013978570    0.211347252
    0.058116108    0.211347252
    0.013859094    0.212379709
    0.057372618    0.212379709
    0.013740639    0.213417202
    0.056882247    0.213417202
    0.013623197    0.214459777
    0.056396071    0.214459777
    0.013448912    0.215507418
    0.055914048    0.215507418
    0.013333962    0.216560185
    0.055436142    0.216560185
    0.013219995    0.217618123
    0.054726936    0.217618123
    0.013107003    0.218681201
    0.054259181    0.218681201
    0.012994977    0.219749495
    0.053565029    0.219749495
    0.012883907    0.220822975
    0.053107206    0.220822975
    0.012773787    0.221901715
    0.052653294    0.221901715
    0.012610369    0.222985744
    0.052203260    0.222985744
    0.012502587    0.224075034
    0.051757071    0.224075034
    0.012395727    0.225169659
    0.051094934    0.225169659
    0.012289778    0.226269647
    0.050658219    0.226269647
    0.012184736    0.227374986
    0.050225239    0.227374986
    0.012080592    0.228485718
    0.049795959    0.228485718
    0.011926043    0.229601875
    0.049158908    0.229601875
    0.011824110    0.230723530
    0.048738740    0.230723530
    0.011723048    0.231850624
    0.048115216    0.231850624
    0.011622850    0.232983217
    0.047703970    0.232983217
    0.011523508    0.234121382
    0.047296241    0.234121382
    0.011425016    0.235265076
    0.046891995    0.235265076
    0.011327364    0.236414358
    0.046491206    0.236414358
    0.011230549    0.237569258
    0.046093840    0.237569258
    0.011134560    0.238729820
    0.045504149    0.238729820
    0.010992114    0.239896029
    0.045115221    0.239896029
    0.010898163    0.241067931
    0.044538055    0.241067931
    0.010805015    0.242245600
    0.044157382    0.242245600
    0.010712664    0.243428975
    0.043779965    0.243428975
    0.010621101    0.244618133
    0.043405760    0.244618133
    0.010530321    0.245813131
    0.042850461    0.245813131
    0.010440318    0.247013941
    0.042484213    0.247013941
    0.010351083    0.248220623
    0.042121097    0.248220623
    0.010262611    0.249433219
    0.041761085    0.249433219
    0.010174896    0.250651717
    0.041404147    0.250651717
    0.010087930    0.251876146
    0.040874455    0.251876146
    0.010001708    0.253106594
    0.040525097    0.253106594
    0.009916222    0.254343063
    0.040178727    0.254343063
    0.009831467    0.255585521
    0.039664712    0.255585521
    0.009705691    0.256834090
    0.039325692    0.256834090
    0.009622735    0.258088768
    0.038989570    0.258088768
    0.009540489    0.259349525
    0.038656324    0.259349525
    0.009458945    0.260616511
    0.038325936    0.260616511
    0.009378099    0.261889637
    0.037835624    0.261889637
    0.009297943    0.263168961
    0.037512239    0.263168961
    0.009218473    0.264454603
    0.037191618    0.264454603
    0.009139681    0.265746474
    0.036715817    0.265746474
    0.009061564    0.267044693
    0.036401995    0.267044693
    0.008984114    0.268349200
    0.036090862    0.268349200
    0.008907326    0.269660115
    0.035629142    0.269660115
    0.008831194    0.270977437
    0.035324618    0.270977437
    0.008755713    0.272301197
    0.035022695    0.272301197
    0.008680876    0.273631424
    0.034723353    0.273631424
    0.008569820    0.274968117
    0.034426566    0.274968117
    0.008496573    0.276311368
    0.033986140    0.276311368
    0.008423952    0.277661204
    0.033695657    0.277661204
    0.008351952    0.279017568
    0.033264581    0.279017568
    0.008280567    0.280380636
    0.032980267    0.280380636
    0.008209792    0.281750292
    0.032698382    0.281750292
    0.008139622    0.283126652
    0.032418903    0.283126652
    0.008070052    0.284509748
    0.032004163    0.284509748
    0.008001076    0.285899639
    0.031730618    0.285899639
    0.007932690    0.287296265
    0.031459413    0.287296265
    0.007864889    0.288699716
    0.031190528    0.288699716
    0.007797667    0.290110022
    0.030923940    0.290110022
    0.007731020    0.291527241
    0.030528322    0.291527241
    0.007664942    0.292951405
    0.030267393    0.292951405
    0.007599429    0.294382483
    0.029880177    0.294382483
    0.007534476    0.295820534
    0.029624788    0.295820534
    0.007470077    0.297265649
    0.029371582    0.297265649
    0.007406230    0.298717827
    0.029120540    0.298717827
    0.007342928    0.300177097
    0.028871644    0.300177097
    0.007280168    0.301643491
    0.028502282    0.301643491
    0.007217943    0.303117037
    0.028258670    0.303117037
    0.007156251    0.304597795
    0.028017141    0.304597795
    0.007095085    0.306085795
    0.027658712    0.306085795
    0.007034443    0.307581037
    0.027422309    0.307581037
    0.007004316    0.309083641
    0.027187929    0.309083641
    0.006944450    0.310593516
    0.026840108    0.310593516
    0.006885095    0.312110782
    0.026610702    0.312110782
    0.006826248    0.313635498
    0.026383258    0.313635498
    0.006767903    0.315167636
    0.026157757    0.315167636
    0.006710057    0.316707253
    0.025934184    0.316707253
    0.006652705    0.318254411
    0.025712522    0.318254411
    0.006595844    0.319809109
    0.025383577    0.319809109
    0.006539469    0.321371406
    0.025166621    0.321371406
    0.006483575    0.322941333
    0.024844659    0.322941333
    0.006428159    0.324518919
    0.024632309    0.324518919
    0.006373217    0.326104254
    0.024421774    0.326104254
    0.006318745    0.327697307
    0.024109341    0.327697307
    0.006264738    0.329298109
    0.023903277    0.329298109
    0.006211192    0.330906779
    0.023698973    0.330906779
    0.006158105    0.332523257
    0.023496415    0.332523257
    0.006131731    0.334147692
    0.023295589    0.334147692
    0.006079323    0.335780025
    0.022997564    0.335780025
    0.006027362    0.337420315
    0.022801001    0.337420315
    0.005975846    0.339068651
    0.022606118    0.339068651
    0.005924770    0.340725034
    0.022316914    0.340725034
    0.005874130    0.342389494
    0.022126168    0.342389494
    0.005823923    0.344062120
    0.021937054    0.344062120
    0.005774145    0.345742881
    0.021656409    0.345742881
    0.005724793    0.347431868
    0.021471309    0.347431868
    0.005675863    0.349129081
    0.021287791    0.349129081
    0.005651555    0.350834638
    0.021105843    0.350834638
    0.005603251    0.352548480
    0.020925444    0.352548480
    0.005555359    0.354270697
    0.020657739    0.354270697
    0.005507877    0.356001347
    0.020481175    0.356001347
    0.005460800    0.357740432
    0.020219155    0.357740432
    0.005414126    0.359488040
    0.020046346    0.359488040
    0.005390939    0.361244172
    0.019875007    0.361244172
    0.005344862    0.363008887
    0.019620743    0.363008887
    0.005299179    0.364782214
    0.019453041    0.364782214
    0.005253886    0.366564214
    0.019286774    0.366564214
    0.005208981    0.368354917
    0.019121928    0.368354917
    0.005164459    0.370154351
    0.018958492    0.370154351
    0.005120318    0.371962607
    0.018715952    0.371962607
    0.005076551    0.373779684
    0.018555984    0.373779684
    0.005054810    0.375605613
    0.018318588    0.375605613
    0.005011606    0.377440482
    0.018162018    0.377440482
    0.004968771    0.379284322
    0.018006785    0.379284322
    0.004926303    0.381137133
    0.017852880    0.381137133
    0.004884197    0.382999033
    0.017624484    0.382999033
    0.004863279    0.384870023
    0.017473845    0.384870023
    0.004821713    0.386750132
    0.017324494    0.386750132
    0.004780501    0.388639450
    0.017176419    0.388639450
    0.004739641    0.390538007
    0.016956680    0.390538007
    0.004719343    0.392445832
    0.016811749    0.392445832
    0.004679006    0.394362926
    0.016596671    0.394362926
    0.004639014    0.396289438
    0.016454818    0.396289438
    0.004599364    0.398225367
    0.016314177    0.398225367
    0.004579667    0.400170714
    0.016105467    0.400170714
    0.004540524    0.402125597
    0.015967812    0.402125597
    0.004501715    0.404089987
    0.015831333    0.404089987
    0.004463239    0.406064004
    0.015696021    0.406064004
    0.004444124    0.408047676
    0.015495218    0.408047676
    0.004406139    0.410041004
    0.015362780    0.410041004
    0.004368480    0.412044108
    0.015166240    0.412044108
    0.004349770    0.414056957
    0.015036613    0.414056957
    0.004312593    0.416079670
    0.014908093    0.416079670
    0.004275733    0.418112278
    0.014717370    0.418112278
    0.004257421    0.420154810
    0.014591580    0.420154810
    0.004221032    0.422207266
    0.014466864    0.422207266
    0.004184955    0.424269795
    0.014343214    0.424269795
    0.004149185    0.426342398
    0.014220621    0.426342398
    0.004131415    0.428425133
    0.014038694    0.428425133
    0.004096104    0.430518061
    0.013918703    0.430518061
    0.004061094    0.432621151
    0.013740639    0.432621151
    0.004043702    0.434734553
    0.013623197    0.434734553
    0.004009140    0.436858267
    0.013448912    0.436858267
    0.003974873    0.438992381
    0.013333962    0.438992381
    0.003957850    0.441136867
    0.013219995    0.441136867
    0.003924021    0.443291873
    0.013107003    0.443291873
    0.003890483    0.445457369
    0.012939323    0.445457369
    0.003873821    0.447633475
    0.012828729    0.447633475
    0.003840711    0.449820220
    0.012719080    0.449820220
    0.003807884    0.452017605
    0.012556362    0.452017605
    0.003791576    0.454225779
    0.012449042    0.454225779
    0.003759169    0.456444681
    0.012289778    0.456444681
    0.003743069    0.458674461
    0.012184736    0.458674461
    0.003711077    0.460915148
    0.012028854    0.460915148
    0.003695183    0.463166744
    0.011926043    0.463166744
    0.003663600    0.465429366
    0.011824110    0.465429366
    0.003632287    0.467703044
    0.011723048    0.467703044
    0.003616731    0.469987810
    0.011573073    0.469987810
    0.003585819    0.472283721
    0.011474156    0.472283721
    0.003570462    0.474590868
    0.011327364    0.474590868
    0.003539945    0.476909310
    0.011230549    0.476909310
    0.003524784    0.479239047
    0.011086874    0.479239047
    0.003494657    0.481580168
    0.010992114    0.481580168
    0.003479691    0.483932734
    0.010898163    0.483932734
    0.003449949    0.486296773
    0.010758740    0.486296773
    0.003435174    0.488672346
    0.010666784    0.488672346
    0.003405813    0.491059572
    0.010575614    0.491059572
    0.003391227    0.493458450
    0.010440318    0.493458450
    0.003362242    0.495869011
    0.010351083    0.495869011
    0.003347842    0.498291373
    0.010218659    0.498291373
    0.003333505    0.500725567
    0.010131320    0.500725567
    0.003305013    0.503171682
    0.010001708    0.503171682
    0.003290858    0.505629718
    0.009916222    0.505629718
    0.003262731    0.508099735
    0.009789362    0.508099735
    0.003248758    0.510581851
    0.009705691    0.510581851
    0.003220990    0.513076067
    0.009622735    0.513076067
    0.003207196    0.515582502
    0.009499630    0.515582502
    0.003179783    0.518101215
    0.009418435    0.518101215
    0.003166165    0.520632207
    0.009297943    0.520632207
    0.003152605    0.523175538
    0.009218473    0.523175538
    0.003139104    0.525731266
    0.009100539    0.525731266
    0.003112274    0.528299510
    0.008984114    0.528299510
    0.003098944    0.530880332
    0.008907326    0.530880332
    0.003085673    0.533473730
    0.008793372    0.533473730
    0.003059299    0.536079764
    0.008718214    0.536079764
    0.003046197    0.538698554
    0.008643699    0.538698554
    0.003033151    0.541330159
    0.008533118    0.541330159
    0.003007226    0.543974578
    0.008460185    0.543974578
    0.002994347    0.546631992
    0.008351952    0.546631992
    0.002981523    0.549302280
    0.008280567    0.549302280
    0.002968754    0.551985681
    0.008174632    0.551985681
    0.002956040    0.554682195
    0.008070052    0.554682195
    0.002930774    0.557391882
    0.008001076    0.557391882
    0.002918222    0.560114801
    0.007898717    0.560114801
    0.002905725    0.562851012
    0.007831206    0.562851012
    0.002893280    0.565600574
    0.007731020    0.565600574
    0.002868551    0.568363607
    0.007664942    0.568363607
    0.002856266    0.571140110
    0.007566882    0.571140110
    0.002844033    0.573930144
    0.007502208    0.573930144
    0.002831853    0.576733887
    0.007406230    0.576733887
    0.002819725    0.579551280
    0.007311481    0.579551280
    0.002807649    0.582382441
    0.007248988    0.582382441
    0.002795625    0.585227430
    0.007156251    0.585227430
    0.002783652    0.588086307
    0.007064699    0.588086307
    0.002771730    0.590959132
    0.007004316    0.590959132
    0.002759859    0.593846083
    0.006914709    0.593846083
    0.002736271    0.596747041
    0.006855608    0.596747041
    0.002724552    0.599662185
    0.006767903    0.599662185
    0.002712884    0.602591574
    0.006681319    0.602591574
    0.002712884    0.605535328
    0.006624213    0.605535328
    0.002701265    0.608493388
    0.006539469    0.608493388
    0.002689696    0.611465931
    0.006455808    0.611465931
    0.002678177    0.614453018
    0.006373217    0.614453018
    0.002666707    0.617454648
    0.006291683    0.617454648
    0.002655286    0.620471001
    0.006237908    0.620471001
    0.002643914    0.623502076
    0.006158105    0.623502076
    0.002632591    0.626547933
    0.006079323    0.626547933
    0.002621317    0.629608631
    0.006027362    0.629608631
    0.002621317    0.632684350
    0.005950253    0.632684350
    0.002610090    0.635775089
    0.005874130    0.635775089
    0.002610090    0.638880908
    0.005798981    0.638880908
    0.002598912    0.642001867
    0.005724793    0.642001867
    0.002587782    0.645138144
    0.005651555    0.645138144
    0.002587782    0.648289680
    0.005579253    0.648289680
    0.002576699    0.651456654
    0.005507877    0.651456654
    0.002565664    0.654639065
    0.005437413    0.654639065
    0.002565664    0.657837033
    0.005367851    0.657837033
    0.002554676    0.661050618
    0.005321972    0.661050618
    0.002554676    0.664279938
    0.005231386    0.664279938
    0.002543735    0.667524993
    0.005164459    0.667524993
    0.002543735    0.670785904
    0.005098386    0.670785904
    0.002543735    0.674062788
    0.005033161    0.674062788
    0.002532840    0.677355647
    0.004968771    0.677355647
    0.002532840    0.680664539
    0.004905205    0.680664539
    0.002532840    0.683989704
    0.004842451    0.683989704
    0.002521993    0.687331021
    0.004760027    0.687331021
    0.002521993    0.690688670
    0.004719343    0.690688670
    0.002511192    0.694062769
    0.004639014    0.694062769
    0.002521993    0.697453320
    0.004579667    0.697453320
    0.002521993    0.700860441
    0.004501715    0.700860441
    0.002521993    0.704284191
    0.004444124    0.704284191
    0.002521993    0.707724690
    0.004368480    0.707724690
    0.002521993    0.711181998
    0.004294123    0.711181998
    0.002521993    0.714656174
    0.004239188    0.714656174
    0.002532840    0.718147337
    0.004167031    0.718147337
    0.002532840    0.721655548
    0.004113722    0.721655548
    0.002532840    0.725180924
    0.004043702    0.725180924
    0.002532840    0.728723526
    0.003974873    0.728723526
    0.002543735    0.732283354
    0.003907216    0.732283354
    0.002554676    0.735860646
    0.003840711    0.735860646
    0.002576699    0.739455402
    0.003759169    0.739455402
    0.002587782    0.743067741
    0.003679358    0.743067741
    0.002610090    0.746697664
    0.003601242    0.746697664
    0.002632591    0.750345349
    0.003524784    0.750345349
    0.002655286    0.754010856
    0.003449949    0.754010856
    0.002678177    0.757694244
    0.003362242    0.757694244
    0.002724552    0.761395633
    0.003276764    0.761395633
    0.002771730    0.765115142
    0.003179783    0.765115142
    0.001663183    2.638110161
    0.001941076    2.638110161
    0.001613959    2.650997639
    0.002026199    2.650997639
    0.001579693    2.663948059
    0.002087997    2.663948059
    0.001559483    2.676961660
    0.002151679    2.676961660
    0.001532939    2.690038919
    0.002198352    2.690038919
    0.001513328    2.703179836
    0.002255698    2.703179836
    0.001500393    2.716385126
    0.002304628    2.716385126
    0.001493968    2.729655027
    0.002334493    2.729655027
    0.001487569    2.742989540
    0.002364746    2.742989540
    0.001481199    2.756389141
    0.002395391    2.756389141
    0.001474855    2.769854307
    0.002426433    2.769854307
    0.001468539    2.783385277
    0.002457877    2.783385277
    0.001462249    2.796982527
    0.002489729    2.796982527
    0.001455987    2.810645819
    0.002521993    2.810645819
    0.001455987    2.824376345
    0.002543735    2.824376345
    0.001449751    2.838173389
    0.002576699    2.838173389
    0.001443542    2.852038145
    0.002610090    2.852038145
    0.001449751    2.865970850
    0.002621317    2.865970850
    0.001449751    2.879971266
    0.002632591    2.879971266
    0.001449751    2.894040108
    0.002655286    2.894040108
    0.001455987    2.908177614
    0.002666707    2.908177614
    0.001455987    2.922384501
    0.002689696    2.922384501
    0.001455987    2.936660528
    0.002701265    2.936660528
    0.001455987    2.951006413
    0.002712884    2.951006413
    0.001462249    2.965422392
    0.002736271    2.965422392
    0.001462249    2.979908705
    0.002748040    2.979908705
    0.001462249    2.994465828
    0.002771730    2.994465828
    0.001468539    3.009094238
    0.002771730    3.009094238
    0.001474855    3.023793936
    0.002783652    3.023793936
    0.001481199    3.038565397
    0.002795625    3.038565397
    0.001487569    3.053409100
    0.002807649    3.053409100
    0.001493968    3.068325281
    0.002807649    3.068325281
    0.001500393    3.083314419
    0.002819725    3.083314419
    0.001506847    3.098376751
    0.002831853    3.098376751
    0.001506847    3.113512516
    0.002831853    3.113512516
    0.001513328    3.128722429
    0.002844033    3.128722429
    0.001519837    3.144006491
    0.002856266    3.144006491
    0.001526374    3.159365416
    0.002868551    3.159365416
    0.001532939    3.174799204
    0.002868551    3.174799204
    0.001546154    3.190308094
    0.002880889    3.190308094
    0.001552805    3.205893517
    0.002880889    3.205893517
    0.001559483    3.221554279
    0.002893280    3.221554279
    0.001566191    3.237291813
    0.002893280    3.237291813
    0.001572927    3.253106117
    0.002905725    3.253106117
    0.001579693    3.268998146
    0.002918222    3.268998146
    0.001586487    3.284967184
    0.002918222    3.284967184
    0.001593311    3.301014423
    0.002930774    3.301014423
    0.001607047    3.317140102
    0.002930774    3.317140102
    0.001613959    3.333344460
    0.002943380    3.333344460
    0.001620901    3.349628448
    0.002956040    3.349628448
    0.001627872    3.365991592
    0.002956040    3.365991592
    0.001634874    3.382434607
    0.002968754    3.382434607
    0.001641906    3.398957968
    0.002981523    3.398957968
    0.001656060    3.415562391
    0.002994347    3.415562391
    0.001663183    3.432247639
    0.003007226    3.432247639
    0.001670337    3.449014664
    0.003020161    3.449014664
    0.001677521    3.465863228
    0.003033151    3.465863228
    0.001684736    3.482794285
    0.003046197    3.482794285
    0.001691983    3.499808311
    0.003046197    3.499808311
    0.001699260    3.516905069
    0.003059299    3.516905069
    0.001706569    3.534085751
    0.003072458    3.534085751
    0.001713909    3.551349878
    0.003085673    3.551349878
    0.001721281    3.568698406
    0.003098944    3.568698406
    0.001728684    3.586132050
    0.003112274    3.586132050
    0.001736120    3.603650570
    0.003125660    3.603650570
    0.001743587    3.621254921
    0.003139104    3.621254921
    0.001751086    3.638945103
    0.003152605    3.638945103
    0.001758618    3.656721354
    0.003152605    3.656721354
    0.001773779    3.674585104
    0.003166165    3.674585104
    0.001781408    3.692535639
    0.003166165    3.692535639
    0.001789070    3.710574389
    0.003179783    3.710574389
    0.001796765    3.728700638
    0.003179783    3.728700638
    0.001804493    3.746915579
    0.003193460    3.746915579
    0.001820049    3.765219927
    0.003193460    3.765219927
    0.001827878    3.783613205
    0.003207196    3.783613205
    0.001835740    3.802096367
    0.003207196    3.802096367
    0.001843636    3.820669651
    0.003220990    3.820669651
    0.001859529    3.839334249
    0.003207196    3.839334249
    0.001883627    3.858089685
    0.003179783    3.858089685
    0.001899865    3.876936674
    0.003166165    3.876936674
    0.001916243    3.895876169
    0.003152605    3.895876169
    0.001932763    3.914907694
    0.003125660    3.914907694
    0.001957810    3.934032202
    0.003112274    3.934032202
    0.001974687    3.953250647
    0.003085673    3.953250647
    0.002000277    3.972562313
    0.003072458    3.972562313
    0.002026199    3.991968632
    0.003046197    3.991968632
    0.002052457    4.011469841
    0.003020161    4.011469841
    0.002096978    4.031066418
    0.002956040    4.031066418
    0.002151679    4.050758362
    0.002880889    4.050758362
    0.002236419    4.070546150
    0.002783652    4.070546150
    0.002344534    4.090431690
    0.002655286    4.090431690
    0.001908037    8.413886070
    0.002275144    8.413886070
    0.001789070    8.454988480
    0.002457877    8.454988480
    0.001713909    8.496292114
    0.002576699    8.496292114
    0.001663183    8.537796974
    0.002689696    8.537796974
    0.001613959    8.579504013
    0.002795625    8.579504013
    0.001579693    8.621417046
    0.002893280    8.621417046
    0.001546154    8.663533211
    0.002981523    8.663533211
    0.001513328    8.705855370
    0.003072458    8.705855370
    0.001487569    8.748384476
    0.003152605    8.748384476
    0.001487569    8.791120529
    0.003193460    8.791120529
    0.001487569    8.834066391
    0.003234844    8.834066391
    0.001487569    8.877221107
    0.003262731    8.877221107
    0.001481199    8.920588493
    0.003305013    8.920588493
    0.001481199    8.964165688
    0.003333505    8.964165688
    0.001481199    9.007956505
    0.003376703    9.007956505
    0.001481199    9.051961899
    0.003405813    9.051961899
    0.001481199    9.096180916
    0.003449949    9.096180916
    0.001481199    9.140616417
    0.003479691    9.140616417
    0.001481199    9.185268402
    0.003524784    9.185268402
    0.001500393    9.230139732
    0.003509688    9.230139732
    0.001526374    9.275229454
    0.003509688    9.275229454
    0.001552805    9.320539474
    0.003494657    9.320539474
    0.001579693    9.366071701
    0.003479691    9.366071701
    0.001607047    9.411826134
    0.003464788    9.411826134
    0.001634874    9.457802773
    0.003464788    9.457802773
    0.001663183    9.504006386
    0.003449949    9.504006386
    0.001691983    9.550433159
    0.003435174    9.550433159
    0.001721281    9.597087860
    0.003405813    9.597087860
    0.001758618    9.643971443
    0.003391227    9.643971443
    0.001804493    9.691082954
    0.003347842    9.691082954
    0.001859529    9.738424301
    0.003290858    9.738424301
    0.001916243    9.785996437
    0.003234844    9.785996437
    0.001983181    9.833803177
    0.003166165    9.833803177
    0.002061284    9.881841660
    0.003085673    9.881841660
    0.002160934    9.930114746
    0.002981523    9.930114746
    0.002304628    9.978625298
    0.002844033    9.978625298
    0.002170228   13.564509392
    0.002521993   13.564509392
    0.002079054   13.630770683
    0.002643914   13.630770683
    0.002026199   13.697359085
    0.002736271   13.697359085
    0.001974687   13.764273643
    0.002831853   13.764273643
    0.001941076   13.831510544
    0.002918222   13.831510544
    0.001908037   13.899080276
    0.002994347   13.899080276
    0.001883627   13.966979980
    0.003072458   13.966979980
    0.001859529   14.035206795
    0.003139104   14.035206795
    0.001835740   14.103771210
    0.003207196   14.103771210
    0.001812255   14.172671318
    0.003276764   14.172671318
    0.001796765   14.241903305
    0.003347842   14.241903305
    0.001781408   14.311477661
    0.003405813   14.311477661
    0.001773779   14.381391525
    0.003479691   14.381391525
    0.001758618   14.451647758
    0.003539945   14.451647758
    0.001751086   14.522242546
    0.003601242   14.522242546
    0.001736120   14.593186378
    0.003663600   14.593186378
    0.001728684   14.664476395
    0.003727039   14.664476395
    0.001721281   14.736110687
    0.003791576   14.736110687
    0.001713909   14.808099747
    0.003857230   14.808099747
    0.001706569   14.880439758
    0.003924021   14.880439758
    0.001699260   14.953133583
    0.003974873   14.953133583
    0.001706569   15.026178360
    0.003974873   15.026178360
    0.001713909   15.099583626
    0.003974873   15.099583626
    0.001728684   15.173347473
    0.003974873   15.173347473
    0.001736120   15.247467995
    0.003957850   15.247467995
    0.001751086   15.321954727
    0.003957850   15.321954727
    0.001758618   15.396805763
    0.003957850   15.396805763
    0.001766182   15.472017288
    0.003957850   15.472017288
    0.001781408   15.547600746
    0.003940899   15.547600746
    0.001789070   15.623549461
    0.003940899   15.623549461
    0.001796765   15.699872971
    0.003940899   15.699872971
    0.001820049   15.776570320
    0.003873821   15.776570320
    0.001843636   15.853636742
    0.003824262   15.853636742
    0.001875560   15.931084633
    0.003759169   15.931084633
    0.001899865   16.008907318
    0.003679358   16.008907318
    0.001924485   16.087112427
    0.003616731   16.087112427
    0.001957810   16.165700912
    0.003539945   16.165700912
    0.001991711   16.244668961
    0.003479691   16.244668961
    0.002034914   16.324028015
    0.003391227   16.324028015
    0.002079054   16.403774261
    0.003319228   16.403774261
    0.002124152   16.483903885
    0.003234844   16.483903885
    0.002142464   16.564432144
    0.003207196   16.564432144
    0.002151679   16.645351410
    0.003179783   16.645351410
    0.002170228   16.726667404
    0.003152605   16.726667404
    0.002188937   16.808374405
    0.003112274   16.808374405
    0.002207808   16.890487671
    0.003085673   16.890487671
    0.002226841   16.972999573
    0.003059299   16.972999573
    0.002236419   17.055912018
    0.003020161   17.055912018
    0.002265400   17.139232635
    0.002981523   17.139232635
    0.002284930   17.222955704
    0.002943380   17.222955704
    0.002314540   17.307094574
    0.002893280   17.307094574
    0.002246038   17.391641617
    0.002994347   17.391641617
    0.002188937   17.476598740
    0.003085673   17.476598740
    0.002133288   17.561975479
    0.003166165   17.561975479
    0.002087997   17.647764206
    0.003234844   17.647764206
    0.002043667   17.733976364
    0.003305013   17.733976364
    0.002008881   17.820610046
    0.003362242   17.820610046
    0.001974687   17.907661438
    0.003420462   17.907661438
    0.001949425   17.995143890
    0.003494657   17.995143890
    0.001916243   18.083053589
    0.003555170   18.083053589
    0.001891728   18.171392441
    0.003616731   18.171392441
    0.001875560   18.260158539
    0.003647910   18.260158539
    0.001859529   18.349361420
    0.003695183   18.349361420
    0.001843636   18.439002991
    0.003743069   18.439002991
    0.001827878   18.529075623
    0.003791576   18.529075623
    0.001812255   18.619592667
    0.003840711   18.619592667
    0.001804493   18.710552216
    0.003873821   18.710552216
    0.001789070   18.801952362
    0.003924021   18.801952362
    0.001773779   18.893802643
    0.003974873   18.893802643
    0.001766182   18.986103058
    0.004009140   18.986103058
    0.001751086   19.078847885
    0.004061094   19.078847885
    0.001751086   19.172052383
    0.004043702   19.172052383
    0.001751086   19.265710831
    0.004026384   19.265710831
    0.001758618   19.359827042
    0.004026384   19.359827042
    0.001758618   19.454397202
    0.004009140   19.454397202
    0.001758618   19.549436569
    0.003991970   19.549436569
    0.001766182   19.644939423
    0.003974873   19.644939423
    0.001766182   19.740901947
    0.003974873   19.740901947
    0.001766182   19.837339401
    0.003957850   19.837339401
    0.001773779   19.934244156
    0.003940899   19.934244156
    0.001773779   20.031625748
    0.003924021   20.031625748
    0.001773779   20.129484177
    0.003924021   20.129484177
    0.001773779   20.227815628
    0.003940899   20.227815628
    0.001773779   20.326631546
    0.003940899   20.326631546
    0.001773779   20.425924301
    0.003940899   20.425924301
    0.001773779   20.525709152
    0.003940899   20.525709152
    0.001773779   20.625982285
    0.003940899   20.625982285
    0.001773779   20.726737976
    0.003940899   20.726737976
    0.001773779   20.827991486
    0.003940899   20.827991486
    0.001773779   20.929738998
    0.003940899   20.929738998
    0.001773779   21.031984329
    0.003940899   21.031984329
    0.001781408   21.134723663
    0.003940899   21.134723663
    0.001781408   21.237972260
    0.003924021   21.237972260
    0.001781408   21.341722488
    0.003924021   21.341722488
    0.001789070   21.445974350
    0.003924021   21.445974350
    0.001789070   21.550743103
    0.003907216   21.550743103
    0.001796765   21.656021118
    0.003907216   21.656021118
    0.001796765   21.761810303
    0.003907216   21.761810303
    0.001796765   21.868120193
    0.003890483   21.868120193
    0.001804493   21.974948883
    0.003890483   21.974948883
    0.001804493   22.082294464
    0.003890483   22.082294464
    0.001820049   22.190170288
    0.003857230   22.190170288
    0.001827878   22.298574448
    0.003840711   22.298574448
    0.001843636   22.407506943
    0.003807884   22.407506943
    0.001851565   22.516965866
    0.003791576   22.516965866
    0.001867527   22.626964569
    0.003759169   22.626964569
    0.001883627   22.737501144
    0.003743069   22.737501144
    0.001891728   22.848571777
    0.003711077   22.848571777
    0.001908037   22.960191727
    0.003679358   22.960191727
    0.001924485   23.072349548
    0.003647910   23.072349548
    0.001941076   23.185062408
    0.003632287   23.185062408
    0.001932763   23.298326492
    0.003647910   23.298326492
    0.001932763   23.412136078
    0.003663600   23.412136078
    0.001924485   23.526508331
    0.003695183   23.526508331
    0.001916243   23.641433716
    0.003711077   23.641433716
    0.001916243   23.756925583
    0.003743069   23.756925583
    0.001908037   23.872982025
    0.003759169   23.872982025
    0.001899865   23.989599228
    0.003791576   23.989599228
    0.001891728   24.106792450
    0.003807884   24.106792450
    0.001891728   24.224559784
    0.003840711   24.224559784
    0.001883627   24.342901230
    0.003857230   24.342901230
    0.001883627   24.461812973
    0.003840711   24.461812973
    0.001883627   24.581314087
    0.003807884   24.581314087
    0.001883627   24.701398849
    0.003791576   24.701398849
    0.001883627   24.822061539
    0.003775338   24.822061539
    0.001891728   24.943323135
    0.003743069   24.943323135
    0.001891728   25.065174103
    0.003711077   25.065174103
    0.001891728   25.187616348
    0.003695183   25.187616348
    0.001891728   25.310661316
    0.003663600   25.310661316
    0.001891728   25.434309006
    0.003647910   25.434309006
    0.001891728   25.558553696
    0.003616731   25.558553696
    0.001875560   25.683410645
    0.003663600   25.683410645
    0.001859529   25.808879852
    0.003727039   25.808879852
    0.001843636   25.934961319
    0.003775338   25.934961319
    0.001827878   26.061651230
    0.003824262   26.061651230
    0.001812255   26.188966751
    0.003873821   26.188966751
    0.001796765   26.316904068
    0.003924021   26.316904068
    0.001781408   26.445459366
    0.003974873   26.445459366
    0.001766182   26.574649811
    0.004026384   26.574649811
    0.001751086   26.704473495
    0.004078561   26.704473495
    0.001736120   26.834928513
    0.004131415   26.834928513
    0.001743587   26.966014862
    0.004113722   26.966014862
    0.001751086   27.097747803
    0.004078561   27.097747803
    0.001758618   27.230125427
    0.004043702   27.230125427
    0.001766182   27.363142014
    0.004026384   27.363142014
    0.001781408   27.496816635
    0.003991970   27.496816635
    0.001789070   27.631143570
    0.003974873   27.631143570
    0.001796765   27.766119003
    0.003940899   27.766119003
    0.001804493   27.901762009
    0.003924021   27.901762009
    0.001812255   28.038059235
    0.003890483   28.038059235
    0.001820049   28.175029755
    0.003873821   28.175029755
    0.001827878   28.312669754
    0.003857230   28.312669754
    0.001827878   28.450975418
    0.003857230   28.450975418
    0.001827878   28.589963913
    0.003857230   28.589963913
    0.001827878   28.729621887
    0.003857230   28.729621887
    0.001835740   28.869972229
    0.003857230   28.869972229
    0.001835740   29.011007309
    0.003857230   29.011007309
    0.001835740   29.152723312
    0.003857230   29.152723312
    0.001835740   29.295139313
    0.003857230   29.295139313
    0.001835740   29.438251495
    0.003857230   29.438251495
    0.001843636   29.582054138
    0.003857230   29.582054138
    0.001843636   29.726568222
    0.003873821   29.726568222
    0.001843636   29.871788025
    0.003890483   29.871788025
    0.001843636   30.017717361
    0.003907216   30.017717361
    0.001835740   30.164350510
    0.003924021   30.164350510
    0.001835740   30.311708450
    0.003940899   30.311708450
    0.001835740   30.459787369
    0.003957850   30.459787369
    0.001835740   30.608579636
    0.003974873   30.608579636
    0.001835740   30.758108139
    0.003991970   30.758108139
    0.001835740   30.908367157
    0.004009140   30.908367157
    0.001835740   31.059360504
    0.004026384   31.059360504
    0.001843636   31.211082458
    0.003991970   31.211082458
    0.001843636   31.363554001
    0.003957850   31.363554001
    0.001851565   31.516771317
    0.003924021   31.516771317
    0.001859529   31.670726776
    0.003873821   31.670726776
    0.001859529   31.825445175
    0.003840711   31.825445175
    0.001867527   31.980916977
    0.003807884   31.980916977
    0.001875560   32.137142181
    0.003759169   32.137142181
    0.001875560   32.294136047
    0.003727039   32.294136047
    0.001883627   32.451889038
    0.003679358   32.451889038
    0.001891728   32.610424042
    0.003647910   32.610424042
    0.001883627   32.769733429
    0.003679358   32.769733429
    0.001867527   32.929809570
    0.003727039   32.929809570
    0.001859529   33.090675354
    0.003775338   33.090675354
    0.001851565   33.252323151
    0.003824262   33.252323151
    0.001835740   33.414764404
    0.003873821   33.414764404
    0.001827878   33.578002930
    0.003907216   33.578002930
    0.001820049   33.742027283
    0.003957850   33.742027283
    0.001812255   33.906864166
    0.004009140   33.906864166
    0.001804493   34.072505951
    0.004043702   34.072505951
    0.001796765   34.238945007
    0.004096104   34.238945007
    0.001789070   34.406208038
    0.004078561   34.406208038
    0.001789070   34.574291229
    0.004061094   34.574291229
    0.001789070   34.743190765
    0.004043702   34.743190765
    0.001781408   34.912910461
    0.004009140   34.912910461
    0.001781408   35.083465576
    0.003991970   35.083465576
    0.001773779   35.254852295
    0.003974873   35.254852295
    0.001773779   35.427070618
    0.003957850   35.427070618
    0.001773779   35.600139618
    0.003940899   35.600139618
    0.001766182   35.774040222
    0.003924021   35.774040222
    0.001766182   35.948802948
    0.003890483   35.948802948
    0.001773779   36.124420166
    0.003907216   36.124420166
    0.001781408   36.300884247
    0.003907216   36.300884247
    0.001789070   36.478221893
    0.003907216   36.478221893
    0.001796765   36.656414032
    0.003924021   36.656414032
    0.001804493   36.835487366
    0.003924021   36.835487366
    0.001812255   37.015434265
    0.003940899   37.015434265
    0.001820049   37.196250916
    0.003940899   37.196250916
    0.001827878   37.377964020
    0.003940899   37.377964020
    0.001843636   37.560562134
    0.003957850   37.560562134
    0.001851565   37.744049072
    0.003957850   37.744049072
    0.001859529   37.928428650
    0.003940899   37.928428650
    0.001867527   38.113712311
    0.003907216   38.113712311
    0.001875560   38.299907684
    0.003873821   38.299907684
    0.001883627   38.486999512
    0.003840711   38.486999512
    0.001899865   38.675014496
    0.003807884   38.675014496
    0.001908037   38.863948822
    0.003775338   38.863948822
    0.001916243   39.053794861
    0.003743069   39.053794861
    0.001932763   39.244579315
    0.003711077   39.244579315
    0.001941076   39.436298370
    0.003679358   39.436298370
    0.001949425   39.628940582
    0.003647910   39.628940582
    0.001932763   39.822532654
    0.003679358   39.822532654
    0.001908037   40.017074585
    0.003711077   40.017074585
    0.001883627   40.212566376
    0.003759169   40.212566376
    0.001859529   40.409000397
    0.003791576   40.409000397
    0.001843636   40.606403351
    0.003824262   40.606403351
    0.001820049   40.804775238
    0.003857230   40.804775238
    0.001804493   41.004100800
    0.003890483   41.004100800
    0.001781408   41.204414368
    0.003924021   41.204414368
    0.001766182   41.405704498
    0.003957850   41.405704498
    0.001743587   41.607978821
    0.003991970   41.607978821
    0.001758618   41.811229706
    0.003991970   41.811229706
    0.001766182   42.015487671
    0.003991970   42.015487671
    0.001781408   42.220737457
    0.003991970   42.220737457
    0.001796765   42.426982880
    0.003974873   42.426982880
    0.001804493   42.634246826
    0.003974873   42.634246826
    0.001820049   42.842521667
    0.003974873   42.842521667
    0.001835740   43.051803589
    0.003974873   43.051803589
    0.001843636   43.262119293
    0.003974873   43.262119293
    0.001859529   43.473453522
    0.003957850   43.473453522
    0.001875560   43.685829163
    0.003957850   43.685829163
    0.001875560   43.899242401
    0.003924021   43.899242401
    0.001875560   44.113685608
    0.003890483   44.113685608
    0.001883627   44.329189301
    0.003840711   44.329189301
    0.001883627   44.545730591
    0.003807884   44.545730591
    0.001883627   44.763343811
    0.003775338   44.763343811
    0.001891728   44.982021332
    0.003727039   44.982021332
    0.001891728   45.201755524
    0.003695183   45.201755524
    0.001891728   45.422573090
    0.003647910   45.422573090
    0.001891728   45.644470215
    0.003616731   45.644470215
    0.001899865   45.867439270
    0.003570462   45.867439270
    0.001883627   46.091510773
    0.003616731   46.091510773
    0.001875560   46.316677094
    0.003679358   46.316677094
    0.001859529   46.542942047
    0.003727039   46.542942047
    0.001851565   46.770298004
    0.003791576   46.770298004
    0.001843636   46.998783112
    0.003840711   46.998783112
    0.001827878   47.228378296
    0.003890483   47.228378296
    0.001820049   47.459083557
    0.003940899   47.459083557
    0.001804493   47.690929413
    0.003991970   47.690929413
    0.001796765   47.923908234
    0.004061094   47.923908234
    0.001789070   48.158027649
    0.004113722   48.158027649
    0.001796765   48.393276215
    0.004096104   48.393276215
    0.001804493   48.629684448
    0.004078561   48.629684448
    0.001804493   48.867248535
    0.004061094   48.867248535
    0.001812255   49.105960846
    0.004026384   49.105960846
    0.001820049   49.345851898
    0.004009140   49.345851898
    0.001827878   49.586914062
    0.003991970   49.586914062
    0.001835740   49.829143524
    0.003974873   49.829143524
    0.001843636   50.072566986
    0.003957850   50.072566986
    0.001851565   50.317169189
    0.003924021   50.317169189
    0.001859529   50.562976837
    0.003907216   50.562976837
    0.001851565   50.809986115
    0.003924021   50.809986115
    0.001835740   51.058185577
    0.003940899   51.058185577
    0.001827878   51.307617188
    0.003957850   51.307617188
    0.001820049   51.558246613
    0.003974873   51.558246613
    0.001812255   51.810119629
    0.003991970   51.810119629
    0.001796765   52.063220978
    0.003991970   52.063220978
    0.001789070   52.317546844
    0.004009140   52.317546844
    0.001781408   52.573127747
    0.004026384   52.573127747
    0.001773779   52.829956055
    0.004043702   52.829956055
    0.001766182   53.088024139
    0.004061094   53.088024139
    0.001773779   53.347370148
    0.004026384   53.347370148
    0.001789070   53.607982635
    0.003991970   53.607982635
    0.001804493   53.869865417
    0.003974873   53.869865417
    0.001812255   54.133014679
    0.003940899   54.133014679
    0.001827878   54.397464752
    0.003890483   54.397464752
    0.001843636   54.663204193
    0.003857230   54.663204193
    0.001859529   54.930229187
    0.003824262   54.930229187
    0.001875560   55.198574066
    0.003791576   55.198574066
    0.001891728   55.468231201
    0.003759169   55.468231201
    0.001908037   55.739200592
    0.003711077   55.739200592
    0.001908037   56.011482239
    0.003727039   56.011482239
    0.001899865   56.285110474
    0.003727039   56.285110474
    0.001891728   56.560070038
    0.003743069   56.560070038
    0.001883627   56.836360931
    0.003759169   56.836360931
    0.001875560   57.114017487
    0.003775338   57.114017487
    0.001867527   57.393032074
    0.003775338   57.393032074
    0.001859529   57.673389435
    0.003791576   57.673389435
    0.001851565   57.955135345
    0.003791576   57.955135345
    0.001843636   58.238239288
    0.003807884   58.238239288
    0.001835740   58.522743225
    0.003824262   58.522743225
    0.001835740   58.808639526
    0.003824262   58.808639526
    0.001835740   59.095912933
    0.003840711   59.095912933
    0.001835740   59.384609222
    0.003840711   59.384609222
    0.001835740   59.674694061
    0.003857230   59.674694061
    0.001835740   59.966217041
    0.003857230   59.966217041
    0.001835740   60.259162903
    0.003873821   60.259162903
    0.001835740   60.553524017
    0.003873821   60.553524017
    0.001835740   60.849338531
    0.003890483   60.849338531
    0.001835740   61.146598816
    0.003890483   61.146598816
    0.001835740   61.445293427
    0.003907216   61.445293427
    0.001827878   61.745464325
    0.003924021   61.745464325
    0.001820049   62.047103882
    0.003957850   62.047103882
    0.001812255   62.350215912
    0.003974873   62.350215912
    0.001804493   62.654788971
    0.004009140   62.654788971
    0.001796765   62.960868835
    0.004026384   62.960868835
    0.001789070   63.268444061
    0.004061094   63.268444061
    0.001781408   63.577503204
    0.004078561   63.577503204
    0.001773779   63.888092041
    0.004113722   63.888092041
    0.001766182   64.200195312
    0.004131415   64.200195312
    0.001758618   64.513824463
    0.004167031   64.513824463
    0.001758618   64.828971863
    0.004149185   64.828971863
    0.001766182   65.145675659
    0.004149185   65.145675659
    0.001766182   65.463920593
    0.004131415   65.463920593
    0.001773779   65.783706665
    0.004113722   65.783706665
    0.001773779   66.105072021
    0.004113722   66.105072021
    0.001781408   66.428009033
    0.004096104   66.428009033
    0.001781408   66.752502441
    0.004078561   66.752502441
    0.001789070   67.078598022
    0.004078561   67.078598022
    0.001789070   67.406272888
    0.004061094   67.406272888
    0.001789070   67.735565186
    0.004043702   67.735565186
    0.001804493   68.066467285
    0.004026384   68.066467285
    0.001812255   68.398963928
    0.004009140   68.398963928
    0.001820049   68.733100891
    0.003991970   68.733100891
    0.001827878   69.068855286
    0.003957850   69.068855286
    0.001835740   69.406272888
    0.003940899   69.406272888
    0.001843636   69.745330811
    0.003924021   69.745330811
    0.001851565   70.086036682
    0.003890483   70.086036682
    0.001867527   70.428413391
    0.003873821   70.428413391
    0.001875560   70.772468567
    0.003857230   70.772468567
    0.001883627   71.118186951
    0.003824262   71.118186951
    0.001875560   71.465614319
    0.003840711   71.465614319
    0.001859529   71.814735413
    0.003857230   71.814735413
    0.001851565   72.165565491
    0.003873821   72.165565491
    0.001835740   72.518089294
    0.003890483   72.518089294
    0.001827878   72.872352600
    0.003907216   72.872352600
    0.001812255   73.228347778
    0.003924021   73.228347778
    0.001804493   73.586059570
    0.003940899   73.586059570
    0.001789070   73.945541382
    0.003940899   73.945541382
    0.001781408   74.306777954
    0.003957850   74.306777954
    0.001766182   74.669776917
    0.003974873   74.669776917
    0.001766182   75.034530640
    0.003991970   75.034530640
    0.001766182   75.401092529
    0.004009140   75.401092529
    0.001766182   75.769439697
    0.004043702   75.769439697
    0.001766182   76.139564514
    0.004061094   76.139564514
    0.001766182   76.511520386
    0.004078561   76.511520386
    0.001766182   76.885292053
    0.004096104   76.885292053
    0.001766182   77.260871887
    0.004131415   77.260871887
    0.001766182   77.638305664
    0.004149185   77.638305664
    0.001766182   78.017562866
    0.004167031   78.017562866
    0.001758618   78.398689270
    0.004184955   78.398689270
    0.001766182   78.781684875
    0.004167031   78.781684875
    0.001766182   79.166519165
    0.004167031   79.166519165
    0.001766182   79.553268433
    0.004149185   79.553268433
    0.001766182   79.941879272
    0.004131415   79.941879272
    0.001766182   80.332405090
    0.004113722   80.332405090
    0.001766182   80.724845886
    0.004096104   80.724845886
    0.001766182   81.119178772
    0.004078561   81.119178772
    0.001773779   81.515457153
    0.004078561   81.515457153
    0.001773779   81.913681030
    0.004061094   81.913681030
    0.001773779   82.313819885
    0.004043702   82.313819885
    0.001781408   82.715934753
    0.004026384   82.715934753
    0.001781408   83.120018005
    0.003991970   83.120018005
    0.001789070   83.526077271
    0.003974873   83.526077271
    0.001796765   83.934089661
    0.003957850   83.934089661
    0.001804493   84.344123840
    0.003940899   84.344123840
    0.001812255   84.756164551
    0.003907216   84.756164551
    0.001820049   85.170188904
    0.003890483   85.170188904
    0.001827878   85.586257935
    0.003857230   85.586257935
    0.001835740   86.004364014
    0.003840711   86.004364014
    0.001843636   86.424507141
    0.003824262   86.424507141
    0.001835740   86.846687317
    0.003824262   86.846687317
    0.001835740   87.270950317
    0.003840711   87.270950317
    0.001827878   87.697280884
    0.003857230   87.697280884
    0.001827878   88.125671387
    0.003873821   88.125671387
    0.001827878   88.556182861
    0.003890483   88.556182861
    0.001820049   88.988800049
    0.003890483   88.988800049
    0.001820049   89.423500061
    0.003907216   89.423500061
    0.001812255   89.860351562
    0.003924021   89.860351562
    0.001812255   90.299308777
    0.003940899   90.299308777
    0.001804493   90.740440369
    0.003957850   90.740440369
    0.001812255   91.183723450
    0.003940899   91.183723450
    0.001820049   91.629142761
    0.003940899   91.629142761
    0.001820049   92.076766968
    0.003924021   92.076766968
    0.001827878   92.526557922
    0.003924021   92.526557922
    0.001835740   92.978561401
    0.003907216   92.978561401
    0.001843636   93.432785034
    0.003890483   93.432785034
    0.001843636   93.889190674
    0.003890483   93.889190674
    0.001851565   94.347854614
    0.003873821   94.347854614
    0.001859529   94.808761597
    0.003857230   94.808761597
    0.001867527   95.271896362
    0.003857230   95.271896362
    0.001867527   95.737312317
    0.003857230   95.737312317
    0.001859529   96.205009460
    0.003857230   96.205009460
    0.001859529   96.674987793
    0.003857230   96.674987793
    0.001859529   97.147239685
    0.003873821   97.147239685
    0.001859529   97.621818542
    0.003873821   97.621818542
    0.001859529   98.087326050
    0.003873821   98.087326050
    0.001859529   98.555084229
    0.003873821   98.555084229
    0.001859529   99.025047302
    0.003890483   99.025047302
    0.001859529   99.497253418
    0.003890483   99.497253418
    0.001851565   99.971733093
    0.003890483   99.971733093
    0.001851565  100.448417664
    0.003890483  100.448417664
    0.001851565  100.927436829
    0.003890483  100.927436829
    0.001851565  101.408737183
    0.003890483  101.408737183
    0.001851565  101.892280579
    0.003890483  101.892280579
