    0.970626831    0.029223844
    0.962330759    0.029366609
    0.950019479    0.029510070
    0.941899538    0.029654231
    0.933849037    0.029799089
    0.925867319    0.029944664
    0.914022505    0.030090949
    0.906210244    0.030237939
    0.898464799    0.030385658
    0.886970520    0.030534096
    0.879389524    0.030683262
    0.871873260    0.030833146
    0.864421308    0.030983772
    0.853362560    0.031135133
    0.846068799    0.031287227
    0.838837385    0.031440068
    0.828105927    0.031593658
    0.821028054    0.031747993
    0.814010620    0.031903088
    0.803596735    0.032058928
    0.796728313    0.032215543
    0.789918602    0.032372922
    0.783167064    0.032531060
    0.773147881    0.032689981
    0.766539693    0.032849669
    0.759988010    0.033010144
    0.753492296    0.033171404
    0.743852735    0.033333443
    0.737494946    0.033496283
    0.731191456    0.033659913
    0.721837163    0.033824347
    0.715667546    0.033989582
    0.709550738    0.034155618
    0.703486085    0.034322474
    0.697473347    0.034490138
    0.688550413    0.034658629
    0.682665288    0.034827944
    0.676830471    0.034998074
    0.671045542    0.035169046
    0.662460685    0.035340853
    0.656798542    0.035513490
    0.651184857    0.035686977
    0.645619094    0.035861317
    0.637359560    0.036036506
    0.631911993    0.036212541
    0.626510978    0.036389444
    0.621156096    0.036567215
    0.613209486    0.036745843
    0.607968330    0.036925353
    0.602771997    0.037105739
    0.595060587    0.037287008
    0.589974523    0.037469149
    0.584931970    0.037652194
    0.579932511    0.037836131
    0.574975729    0.038020957
    0.567619920    0.038206697
    0.562768459    0.038393345
    0.557958424    0.038580891
    0.550820291    0.038769364
    0.546112418    0.038958762
    0.541444719    0.039149072
    0.536816955    0.039340321
    0.529949307    0.039532505
    0.525419772    0.039725628
    0.520929039    0.039919686
    0.516476572    0.040114701
    0.509869158    0.040310670
    0.505511284    0.040507581
    0.501190603    0.040705469
    0.494778752    0.040904310
    0.490549833    0.041104134
    0.486357033    0.041304938
    0.480134964    0.041506708
    0.476031214    0.041709475
    0.471962541    0.041913223
    0.467928618    0.042117976
    0.463929176    0.042323731
    0.457994044    0.042530477
    0.454079509    0.042738248
    0.450198442    0.042947032
    0.444438964    0.043156836
    0.440640271    0.043367650
    0.436874062    0.043579511
    0.433140069    0.043792404
    0.429437965    0.044006325
    0.423944086    0.044221304
    0.420320600    0.044437334
    0.416728079    0.044654407
    0.413166255    0.044872552
    0.407880515    0.045091763
    0.404394299    0.045312032
    0.400937915    0.045533389
    0.397511035    0.045755826
    0.392425597    0.045979351
    0.389071494    0.046203956
    0.385746092    0.046429671
    0.382449090    0.046656489
    0.377556324    0.046884403
    0.374329329    0.047113441
    0.371129870    0.047343586
    0.366381913    0.047574867
    0.363250405    0.047807280
    0.360145688    0.048040811
    0.970626831    0.048040811
    0.357067466    0.048275501
    0.962330759    0.048275501
    0.352499425    0.048511323
    0.954105616    0.048511323
    0.349486589    0.048748307
    0.941899538    0.048748307
    0.346499473    0.048986454
    0.933849037    0.048986454
    0.343537927    0.049225748
    0.925867319    0.049225748
    0.339142978    0.049466223
    0.917953849    0.049466223
    0.336244285    0.049707875
    0.906210244    0.049707875
    0.333370358    0.049950708
    0.898464799    0.049950708
    0.329105496    0.050194710
    0.890785515    0.050194710
    0.326292574    0.050439920
    0.879389524    0.050439920
    0.323503733    0.050686330
    0.871873260    0.050686330
    0.320738703    0.050933927
    0.860719204    0.050933927
    0.316635430    0.051182751
    0.853362560    0.051182751
    0.313929111    0.051432785
    0.846068799    0.051432785
    0.311245918    0.051684029
    0.838837385    0.051684029
    0.307264090    0.051936515
    0.828105927    0.051936515
    0.304637879    0.052190237
    0.821028054    0.052190237
    0.302034110    0.052445181
    0.814010620    0.052445181
    0.298170120    0.052701384
    0.807053149    0.052701384
    0.295621634    0.052958839
    0.796728313    0.052958839
    0.293094933    0.053217553
    0.789918602    0.053217553
    0.290589809    0.053477515
    0.779812992    0.053477515
    0.286872238    0.053738765
    0.773147881    0.053738765
    0.284420311    0.054001287
    0.766539693    0.054001287
    0.281989336    0.054265078
    0.759988010    0.054265078
    0.279579133    0.054530174
    0.753492296    0.054530174
    0.276002377    0.054796547
    0.747052133    0.054796547
    0.273643374    0.055064239
    0.740666986    0.055064239
    0.271304518    0.055333238
    0.731191456    0.055333238
    0.268985659    0.055603534
    0.721837163    0.055603534
    0.266686589    0.055875167
    0.715667546    0.055875167
    0.263274819    0.056148112
    0.709550738    0.056148112
    0.261024594    0.056422409
    0.700473249    0.056422409
    0.258793592    0.056698039
    0.694486260    0.056698039
    0.256581634    0.056975007
    0.688550413    0.056975007
    0.253299147    0.057253338
    0.682665288    0.057253338
    0.251134187    0.057533033
    0.676830471    0.057533033
    0.248987734    0.057814091
    0.671045542    0.057814091
    0.246859610    0.058096506
    0.662460685    0.058096506
    0.243701473    0.058380321
    0.656798542    0.058380321
    0.241618499    0.058665518
    0.648396015    0.058665518
    0.239553362    0.058952093
    0.642854095    0.058952093
    0.237505883    0.059240084
    0.634629905    0.059240084
    0.234467417    0.059529483
    0.629205704    0.059529483
    0.232463405    0.059820279
    0.623827815    0.059820279
    0.230476514    0.060112514
    0.618495822    0.060112514
    0.227527976    0.060406171
    0.613209486    0.060406171
    0.225583270    0.060701251
    0.607968330    0.060701251
    0.223655194    0.060997788
    0.600190461    0.060997788
    0.221743584    0.061295774
    0.595060587    0.061295774
    0.219848320    0.061595213
    0.587447822    0.061595213
    0.217035756    0.061896101
    0.582426846    0.061896101
    0.215180725    0.062198475
    0.577448785    0.062198475
    0.213341549    0.062502325
    0.570061386    0.062502325
    0.211518109    0.062807642
    0.565189004    0.062807642
    0.208812103    0.063114472
    0.560358286    0.063114472
    0.207027361    0.063422777
    0.555568814    0.063422777
    0.204378828    0.063732609
    0.550820291    0.063732609
    0.202631980    0.064043954
    0.546112418    0.064043954
    0.200900063    0.064356804
    0.539125860    0.064356804
    0.199182943    0.064671196
    0.532228708    0.064671196
    0.197480515    0.064987108
    0.527679682    0.064987108
    0.194954097    0.065304585
    0.523169577    0.065304585
    0.193287805    0.065623611
    0.518698037    0.065623611
    0.191635758    0.065944172
    0.512062192    0.065944172
    0.189184114    0.066266321
    0.507685542    0.066266321
    0.187567145    0.066590048
    0.503346264    0.066590048
    0.185963988    0.066915348
    0.499044120    0.066915348
    0.183584914    0.067242227
    0.494778752    0.067242227
    0.182015792    0.067570716
    0.488448948    0.067570716
    0.180460081    0.067900814
    0.484274119    0.067900814
    0.178917676    0.068232499
    0.478078693    0.068232499
    0.177388445    0.068565831
    0.473992497    0.068565831
    0.175119072    0.068900786
    0.469941258    0.068900786
    0.173622310    0.069237359
    0.465924621    0.069237359
    0.172138348    0.069575593
    0.461942315    0.069575593
    0.170667067    0.069915488
    0.457994044    0.069915488
    0.168483689    0.070257016
    0.454079509    0.070257016
    0.167043641    0.070600234
    0.448270380    0.070600234
    0.165615901    0.070945129
    0.444438964    0.070945129
    0.164200366    0.071291707
    0.438753128    0.071291707
    0.162796929    0.071639962
    0.435003072    0.071639962
    0.160714224    0.071989939
    0.429437965    0.071989939
    0.159340590    0.072341621
    0.425767511    0.072341621
    0.157978684    0.072695002
    0.422128439    0.072695002
    0.156628430    0.073050134
    0.418520480    0.073050134
    0.154624641    0.073406994
    0.414943337    0.073406994
    0.153303057    0.073765598
    0.411396772    0.073765598
    0.151992753    0.074125938
    0.406133652    0.074125938
    0.150693655    0.074488059
    0.402662396    0.074488059
    0.148765802    0.074851945
    0.397511035    0.074851945
    0.147494286    0.075217590
    0.394113481    0.075217590
    0.146233633    0.075585037
    0.390744954    0.075585037
    0.144983768    0.075954288
    0.387405246    0.075954288
    0.143128932    0.076325320
    0.382449090    0.076325320
    0.141905606    0.076698177
    0.379180253    0.076698177
    0.140692711    0.077072844
    0.375939369    0.077072844
    0.138892800    0.077449359
    0.372726142    0.077449359
    0.137705669    0.077827714
    0.369540423    0.077827714
    0.136528686    0.078207895
    0.364812791    0.078207895
    0.135361761    0.078589953
    0.361694723    0.078589953
    0.134204820    0.078973860
    0.357067466    0.078973860
    0.132487908    0.079359658
    0.354015589    0.079359658
    0.131355524    0.079747342
    0.350989789    0.079747342
    0.130232811    0.080136903
    0.346499473    0.080136903
    0.129119694    0.080528386
    0.343537927    0.080528386
    0.127467841    0.080921784
    0.340601653    0.080921784
    0.126378357    0.081317075
    0.337690502    0.081317075
    0.125298187    0.081714325
    0.334804237    0.081714325
    0.124227256    0.082113512
    0.330521017    0.082113512
    0.122637987    0.082514651
    0.327696025    0.082514651
    0.121589787    0.082917728
    0.324895173    0.082917728
    0.120550551    0.083322801
    0.320738703    0.083322801
    0.119008318    0.083729848
    0.317997336    0.083729848
    0.117991142    0.084138855
    0.315279365    0.084138855
    0.116982661    0.084549889
    0.312584639    0.084549889
    0.115486078    0.084962934
    0.309912950    0.084962934
    0.114499003    0.085377991
    0.307264090    0.085377991
    0.113520369    0.085795052
    0.303333193    0.085795052
    0.112550102    0.086214177
    0.300740570    0.086214177
    0.111588120    0.086635351
    0.296893150    0.086635351
    0.110160552    0.087058559
    0.294355571    0.087058559
    0.109219000    0.087483853
    0.291839689    0.087483853
    0.108285494    0.087911226
    0.288106114    0.087911226
    0.107359968    0.088340670
    0.285643637    0.088340670
    0.105986483    0.088772230
    0.283202201    0.088772230
    0.105080612    0.089205869
    0.280781657    0.089205869
    0.104182474    0.089641660
    0.278381795    0.089641660
    0.103292018    0.090079576
    0.276002377    0.090079576
    0.102409154    0.090519607
    0.272471428    0.090519607
    0.101099014    0.090961806
    0.268985659    0.090961806
    0.100234911    0.091406152
    0.266686589    0.091406152
    0.099378191    0.091852687
    0.264407188    0.091852687
    0.098528795    0.092301399
    0.262147278    0.092301399
    0.097268298    0.092752285
    0.258793592    0.092752285
    0.096436933    0.093205392
    0.256581634    0.093205392
    0.095612675    0.093660720
    0.254388601    0.093660720
    0.094389483    0.094118245
    0.252214372    0.094118245
    0.093582727    0.094578028
    0.250058651    0.094578028
    0.092782870    0.095040061
    0.246859610    0.095040061
    0.091989845    0.095504351
    0.244749680    0.095504351
    0.091203593    0.095970877
    0.242657736    0.095970877
    0.090424068    0.096439712
    0.239553362    0.096439712
    0.089267254    0.096910842
    0.237505883    0.096910842
    0.088504277    0.097384237
    0.235475898    0.097384237
    0.087747820    0.097859979
    0.233463258    0.097859979
    0.086997837    0.098338045
    0.231467828    0.098338045
    0.085884854    0.098818414
    0.228506610    0.098818414
    0.085150786    0.099301159
    0.226553530    0.099301159
    0.084422991    0.099786267
    0.223655194    0.099786267
    0.083701424    0.100273713
    0.221743584    0.100273713
    0.082630612    0.100763567
    0.219848320    0.100763567
    0.081924357    0.101255797
    0.217035756    0.101255797
    0.081224144    0.101750441
    0.215180725    0.101750441
    0.080529913    0.102247506
    0.213341549    0.102247506
    0.079499677    0.102746993
    0.211518109    0.102746993
    0.078820184    0.103248917
    0.209710240    0.103248917
    0.078146502    0.103753306
    0.207917824    0.103753306
    0.077478573    0.104260147
    0.205257878    0.104260147
    0.076487370    0.104769461
    0.203503519    0.104769461
    0.075833626    0.105281264
    0.200900063    0.105281264
    0.075185470    0.105795585
    0.199182943    0.105795585
    0.074542850    0.106312394
    0.197480515    0.106312394
    0.073589206    0.106831737
    0.194954097    0.106831737
    0.072960235    0.107353628
    0.193287805    0.107353628
    0.072336636    0.107878059
    0.191635758    0.107878059
    0.071718365    0.108405061
    0.189997822    0.108405061
    0.070800856    0.108934626
    0.188373893    0.108934626
    0.070195720    0.109466776
    0.185963988    0.109466776
    0.069595747    0.110001542
    0.184374541    0.110001542
    0.069000907    0.110538900
    0.182015792    0.110538900
    0.068118162    0.111078903
    0.180460081    0.111078903
    0.067535952    0.111621529
    0.178917676    0.111621529
    0.066958711    0.112166807
    0.177388445    0.112166807
    0.066386409    0.112714760
    0.175119072    0.112714760
    0.065818995    0.113265380
    0.173622310    0.113265380
    0.064976960    0.113818683
    0.172138348    0.113818683
    0.064421594    0.114374690
    0.170667067    0.114374690
    0.063870981    0.114933431
    0.169208363    0.114933431
    0.063325070    0.115494892
    0.167043641    0.115494892
    0.062783822    0.116059087
    0.165615901    0.116059087
    0.061980616    0.116626054
    0.164200366    0.116626054
    0.061450861    0.117195778
    0.162099719    0.117195778
    0.060925633    0.117768288
    0.160714224    0.117768288
    0.060404897    0.118343607
    0.159340590    0.118343607
    0.059888609    0.118921719
    0.157978684    0.118921719
    0.059122439    0.119502671
    0.156628430    0.119502671
    0.058617115    0.120086446
    0.155289710    0.120086446
    0.058116108    0.120673075
    0.153303057    0.120673075
    0.057619385    0.121262588
    0.151992753    0.121262588
    0.057126906    0.121854961
    0.150048286    0.121854961
    0.056396071    0.122450240
    0.148765802    0.122450240
    0.055914048    0.123048417
    0.146862611    0.123048417
    0.055436142    0.123649515
    0.145607367    0.123649515
    0.054962326    0.124253564
    0.144362822    0.124253564
    0.054259181    0.124860547
    0.143128932    0.124860547
    0.053795423    0.125470504
    0.141905606    0.125470504
    0.053335626    0.126083449
    0.140692711    0.126083449
    0.052879762    0.126699373
    0.138892800    0.126699373
    0.052427795    0.127318293
    0.137705669    0.127318293
    0.051757071    0.127940252
    0.135943979    0.127940252
    0.051314700    0.128565267
    0.134782046    0.128565267
    0.050876107    0.129193306
    0.133630052    0.129193306
    0.050441265    0.129824430
    0.131920502    0.129824430
    0.049795959    0.130458638
    0.130792961    0.130458638
    0.049370348    0.131095931
    0.129675061    0.131095931
    0.048948374    0.131736353
    0.128566712    0.131736353
    0.048530009    0.132379889
    0.127467841    0.132379889
    0.048115216    0.133026585
    0.125837117    0.133026585
    0.047499668    0.133676425
    0.124761574    0.133676425
    0.047093686    0.134329438
    0.123695225    0.134329438
    0.046691168    0.134985670
    0.122112766    0.134985670
    0.046292096    0.135645077
    0.121069051    0.135645077
    0.045896433    0.136307701
    0.120034263    0.136307701
    0.045309268    0.136973590
    0.118498638    0.136973590
    0.044922005    0.137642711
    0.117485821    0.137642711
    0.044538055    0.138315111
    0.116481654    0.138315111
    0.043968268    0.138990805
    0.115486078    0.138990805
    0.043592468    0.139669776
    0.114499003    0.139669776
    0.043219864    0.140352070
    0.113034196    0.140352070
    0.042850461    0.141037703
    0.112068079    0.141037703
    0.042484213    0.141726688
    0.110634372    0.141726688
    0.042121097    0.142419025
    0.109688766    0.142419025
    0.041582234    0.143114761
    0.108751245    0.143114761
    0.041226827    0.143813893
    0.107821733    0.143813893
    0.040874455    0.144516438
    0.106900170    0.144516438
    0.040525097    0.145222425
    0.105532579    0.145222425
    0.040006652    0.145931840
    0.104630575    0.145931840
    0.039664712    0.146644726
    0.103736289    0.146644726
    0.039325692    0.147361115
    0.102849633    0.147361115
    0.038989570    0.148080975
    0.101533853    0.148080975
    0.038656324    0.148804381
    0.100666031    0.148804381
    0.038325936    0.149531290
    0.099378191    0.149531290
    0.037998360    0.150261760
    0.098528795    0.150261760
    0.037673585    0.150995821
    0.097686663    0.150995821
    0.037191618    0.151733443
    0.096851721    0.151733443
    0.036873735    0.152474687
    0.096023925    0.152474687
    0.036558565    0.153219521
    0.095203198    0.153219521
    0.036246095    0.153968006
    0.093985237    0.153968006
    0.035936296    0.154720172
    0.093181938    0.154720172
    0.035629142    0.155475989
    0.091989845    0.155475989
    0.035173330    0.156235516
    0.091203593    0.156235516
    0.034872703    0.156998739
    0.090424068    0.156998739
    0.034574643    0.157765672
    0.089267254    0.157765672
    0.034279127    0.158536375
    0.088504277    0.158536375
    0.033986140    0.159310848
    0.087747820    0.159310848
    0.033551350    0.160089090
    0.086997837    0.160089090
    0.033264581    0.160871133
    0.086254254    0.160871133
    0.032980267    0.161656991
    0.085150786    0.161656991
    0.032698382    0.162446693
    0.084422991    0.162446693
    0.032418903    0.163240284
    0.083342955    0.163240284
    0.032004163    0.164037719
    0.082630612    0.164037719
    0.031730618    0.164839044
    0.081924357    0.164839044
    0.031459413    0.165644288
    0.080876283    0.165644288
    0.031190528    0.166453496
    0.080185026    0.166453496
    0.030923940    0.167266622
    0.079499677    0.167266622
    0.030528322    0.168083757
    0.078820184    0.168083757
    0.030267393    0.168904856
    0.078146502    0.168904856
    0.030008696    0.169729963
    0.077146754    0.169729963
    0.029752208    0.170559123
    0.076487370    0.170559123
    0.029497914    0.171392307
    0.075833626    0.171392307
    0.029245792    0.172229588
    0.074863471    0.172229588
    0.028995825    0.173070937
    0.074223608    0.173070937
    0.028624875    0.173916399
    0.073589206    0.173916399
    0.028380215    0.174766004
    0.072647765    0.174766004
    0.028137647    0.175619751
    0.072026841    0.175619751
    0.027897151    0.176477656
    0.071411215    0.176477656
    0.027540257    0.177339762
    0.070800856    0.177339762
    0.027304867    0.178206101
    0.070195720    0.178206101
    0.027071491    0.179076642
    0.069297686    0.179076642
    0.026840108    0.179951444
    0.068705395    0.179951444
    0.026610702    0.180830538
    0.067826428    0.180830538
    0.026383258    0.181713894
    0.067246713    0.181713894
    0.026045732    0.182601586
    0.066671945    0.182601586
    0.025823116    0.183493629
    0.066102095    0.183493629
    0.025602402    0.184389994
    0.065256439    0.184389994
    0.025383577    0.185290754
    0.064698681    0.185290754
    0.025166621    0.186195925
    0.064145699    0.186195925
    0.024951519    0.187105507
    0.063597441    0.187105507
    0.024738256    0.188019514
    0.062783822    0.188019514
    0.024526816    0.188938007
    0.062247202    0.188938007
    0.024317183    0.189861000
    0.061715171    0.189861000
    0.024109341    0.190788478
    0.060925633    0.190788478
    0.023800906    0.191720486
    0.060404897    0.191720486
    0.023597477    0.192657083
    0.059888609    0.192657083
    0.023395786    0.193598211
    0.059376735    0.193598211
    0.023195820    0.194543973
    0.058869235    0.194543973
    0.022997564    0.195494339
    0.058116108    0.195494339
    0.022801001    0.196449339
    0.057619385    0.196449339
    0.022606118    0.197409019
    0.056882247    0.197409019
    0.022316914    0.198373377
    0.056396071    0.198373377
    0.022126168    0.199342459
    0.055914048    0.199342459
    0.021937054    0.200316265
    0.055198725    0.200316265
    0.021749556    0.201294810
    0.054726936    0.201294810
    0.021563660    0.202278182
    0.054259181    0.202278182
    0.021379353    0.203266323
    0.053795423    0.203266323
    0.021196622    0.204259276
    0.053335626    0.204259276
    0.020925444    0.205257088
    0.052653294    0.205257088
    0.020746591    0.206259817
    0.052203260    0.206259817
    0.020569269    0.207267404
    0.051757071    0.207267404
    0.020393461    0.208279908
    0.051094934    0.208279908
    0.020219155    0.209297404
    0.050658219    0.209297404
    0.020046346    0.210319817
    0.050010137    0.210319817
    0.019875007    0.211347252
    0.049582697    0.211347252
    0.019705134    0.212379709
    0.049158908    0.212379709
    0.019536711    0.213417202
    0.048738740    0.213417202
    0.019286774    0.214459777
    0.048115216    0.214459777
    0.019121928    0.215507418
    0.047909152    0.215507418
    0.018958492    0.216560185
    0.047296241    0.216560185
    0.018796451    0.217618123
    0.046691168    0.217618123
    0.018635796    0.218681201
    0.046292096    0.218681201
    0.018476509    0.219749495
    0.045896433    0.219749495
    0.018318588    0.220822975
    0.045309268    0.220822975
    0.018162018    0.221901715
    0.044922005    0.221901715
    0.018006785    0.222985744
    0.044538055    0.222985744
    0.017776420    0.224075034
    0.044157382    0.224075034
    0.017624484    0.225169659
    0.043779965    0.225169659
    0.017473845    0.226269647
    0.043219864    0.226269647
    0.017324494    0.227374986
    0.042850461    0.227374986
    0.017176419    0.228485718
    0.042302266    0.228485718
    0.017029611    0.229601875
    0.041940704    0.229601875
    0.016884059    0.230723530
    0.041582234    0.230723530
    0.016739748    0.231850624
    0.041050263    0.231850624
    0.016596671    0.232983217
    0.040699404    0.232983217
    0.016454818    0.234121382
    0.040351540    0.234121382
    0.016314177    0.235265076
    0.040006652    0.235265076
    0.016105467    0.236414358
    0.039494839    0.236414358
    0.015967812    0.237569258
    0.039157271    0.237569258
    0.015831333    0.238729820
    0.038822591    0.238729820
    0.015696021    0.239896029
    0.038325936    0.239896029
    0.015561866    0.241067931
    0.037998360    0.241067931
    0.015428857    0.242245600
    0.037512239    0.242245600
    0.015296984    0.243428975
    0.037191618    0.243428975
    0.015166240    0.244618133
    0.036873735    0.244618133
    0.015036613    0.245813131
    0.036558565    0.245813131
    0.014908093    0.247013941
    0.036090862    0.247013941
    0.014780672    0.248220623
    0.035782389    0.248220623
    0.014654340    0.249433219
    0.035476554    0.249433219
    0.014529089    0.250651717
    0.035173330    0.250651717
    0.014404907    0.251876146
    0.034723353    0.251876146
    0.014281786    0.253106594
    0.034426566    0.253106594
    0.014159719    0.254343063
    0.033986140    0.254343063
    0.014038694    0.255585521
    0.033695657    0.255585521
    0.013918703    0.256834090
    0.033407658    0.256834090
    0.013799739    0.258088768
    0.032980267    0.258088768
    0.013681792    0.259349525
    0.032698382    0.259349525
    0.013564852    0.260616511
    0.032418903    0.260616511
    0.013448912    0.261889637
    0.032141816    0.261889637
    0.013333962    0.263168961
    0.031730618    0.263168961
    0.013219995    0.264454603
    0.031459413    0.264454603
    0.013107003    0.265746474
    0.031056948    0.265746474
    0.012994977    0.267044693
    0.030791501    0.267044693
    0.012883907    0.268349200
    0.030528322    0.268349200
    0.012773787    0.269660115
    0.030137768    0.269660115
    0.012664608    0.270977437
    0.029880177    0.270977437
    0.012556362    0.272301197
    0.029624788    0.272301197
    0.012449042    0.273631424
    0.029371582    0.273631424
    0.012342638    0.274968117
    0.029120540    0.274968117
    0.012237145    0.276311368
    0.028747994    0.276311368
    0.012132552    0.277661204
    0.028502282    0.277661204
    0.012028854    0.279017568
    0.028137647    0.279017568
    0.011926043    0.280380636
    0.027897151    0.280380636
    0.011824110    0.281750292
    0.027540257    0.281750292
    0.011723048    0.283126652
    0.027304867    0.283126652
    0.011622850    0.284509748
    0.027071491    0.284509748
    0.011523508    0.285899639
    0.026725158    0.285899639
    0.011425016    0.287296265
    0.026496736    0.287296265
    0.011327364    0.288699716
    0.026270267    0.288699716
    0.011230549    0.290110022
    0.026045732    0.290110022
    0.011134560    0.291527241
    0.025712522    0.291527241
    0.011039392    0.292951405
    0.025492756    0.292951405
    0.010945037    0.294382483
    0.025166621    0.294382483
    0.010851488    0.295820534
    0.024951519    0.295820534
    0.010758740    0.297265649
    0.024632309    0.297265649
    0.010666784    0.298717827
    0.024421774    0.298717827
    0.010575614    0.300177097
    0.024213038    0.300177097
    0.010485223    0.301643491
    0.024006087    0.301643491
    0.010395605    0.303117037
    0.023800906    0.303117037
    0.010351083    0.304597795
    0.023496415    0.304597795
    0.010262611    0.306085795
    0.023295589    0.306085795
    0.010174896    0.307581037
    0.022997564    0.307581037
    0.010087930    0.309083641
    0.022801001    0.309083641
    0.010001708    0.310593516
    0.022509303    0.310593516
    0.009916222    0.312110782
    0.022316914    0.312110782
    0.009831467    0.313635498
    0.022126168    0.313635498
    0.009747436    0.315167636
    0.021843104    0.315167636
    0.009664124    0.316707253
    0.021656409    0.316707253
    0.009581524    0.318254411
    0.021471309    0.318254411
    0.009540489    0.319809109
    0.021196622    0.319809109
    0.009458945    0.321371406
    0.021015447    0.321371406
    0.009378099    0.322941333
    0.020746591    0.322941333
    0.009297943    0.324518919
    0.020569269    0.324518919
    0.009258123    0.326104254
    0.020306122    0.326104254
    0.009178992    0.327697307
    0.020132562    0.327697307
    0.009100539    0.329298109
    0.019960493    0.329298109
    0.009022756    0.330906779
    0.019705134    0.330906779
    0.008945637    0.332523257
    0.019536711    0.332523257
    0.008869178    0.334147692
    0.019369729    0.334147692
    0.008793372    0.335780025
    0.019204175    0.335780025
    0.008755713    0.337420315
    0.018958492    0.337420315
    0.008680876    0.339068651
    0.018715952    0.339068651
    0.008606681    0.340725034
    0.018555984    0.340725034
    0.008533118    0.342389494
    0.018318588    0.342389494
    0.008496573    0.344062120
    0.018162018    0.344062120
    0.008423952    0.345742881
    0.018006785    0.345742881
    0.008351952    0.347431868
    0.017776420    0.347431868
    0.008280567    0.349129081
    0.017624484    0.349129081
    0.008209792    0.350834638
    0.017473845    0.350834638
    0.008139622    0.352548480
    0.017250299    0.352548480
    0.008104762    0.354270697
    0.017102858    0.354270697
    0.008035490    0.356001347
    0.016884059    0.356001347
    0.007966810    0.357740432
    0.016668057    0.357740432
    0.007932690    0.359488040
    0.016525593    0.359488040
    0.007864889    0.361244172
    0.016384346    0.361244172
    0.007797667    0.363008887
    0.016174739    0.363008887
    0.007731020    0.364782214
    0.016036492    0.364782214
    0.007664942    0.366564214
    0.015899425    0.366564214
    0.007599429    0.368354917
    0.015696021    0.368354917
    0.007566882    0.370154351
    0.015561866    0.370154351
    0.007502208    0.371962607
    0.015362780    0.371962607
    0.007470077    0.373779684
    0.015166240    0.373779684
    0.007406230    0.375605613
    0.015036613    0.375605613
    0.007374511    0.377440482
    0.014844246    0.377440482
    0.007311481    0.379284322
    0.014717370    0.379284322
    0.007248988    0.381137133
    0.014529089    0.381137133
    0.007187031    0.382999033
    0.014404907    0.382999033
    0.007156251    0.384870023
    0.014281786    0.384870023
    0.007095085    0.386750132
    0.014159719    0.386750132
    0.007064699    0.388639450
    0.013978570    0.388639450
    0.007004316    0.390538007
    0.013799739    0.390538007
    0.006974319    0.392445832
    0.013623197    0.392445832
    0.006914709    0.394362926
    0.013506757    0.394362926
    0.006885095    0.396289438
    0.013333962    0.396289438
    0.006826248    0.398225367
    0.013219995    0.398225367
    0.006797012    0.400170714
    0.013050869    0.400170714
    0.006738918    0.402125597
    0.012939323    0.402125597
    0.006681319    0.404089987
    0.012773787    0.404089987
    0.006652705    0.406064004
    0.012664608    0.406064004
    0.006595844    0.408047676
    0.012502587    0.408047676
    0.006567596    0.410041004
    0.012342638    0.410041004
    0.006539469    0.412044108
    0.012237145    0.412044108
    0.006483575    0.414056957
    0.012080592    0.414056957
    0.006455808    0.416079670
    0.011926043    0.416079670
    0.006428159    0.418112278
    0.011824110    0.418112278
    0.006373217    0.420154810
    0.011672841    0.420154810
    0.006318745    0.422207266
    0.011573073    0.422207266
    0.006291683    0.424269795
    0.011425016    0.424269795
    0.006237908    0.426342398
    0.011327364    0.426342398
    0.006211192    0.428425133
    0.011182452    0.428425133
    0.006184591    0.430518061
    0.011039392    0.430518061
    0.006158105    0.432621151
    0.010898163    0.432621151
    0.006131731    0.434734553
    0.010758740    0.434734553
    0.006079323    0.436858267
    0.010621101    0.436858267
    0.006053287    0.438992381
    0.010530321    0.438992381
    0.006001549    0.441136867
    0.010395605    0.441136867
    0.005975846    0.443291873
    0.010262611    0.443291873
    0.005950253    0.445457369
    0.010174896    0.445457369
    0.005899395    0.447633475
    0.010087930    0.447633475
    0.005874130    0.449820220
    0.009916222    0.449820220
    0.005848973    0.452017605
    0.009789362    0.452017605
    0.005823923    0.454225779
    0.009664124    0.454225779
    0.005798981    0.456444681
    0.009540489    0.456444681
    0.005774145    0.458674461
    0.009418435    0.458674461
    0.005749417    0.460915148
    0.009337935    0.460915148
    0.005724793    0.463166744
    0.009218473    0.463166744
    0.005700276    0.465429366
    0.009100539    0.465429366
    0.005651555    0.467703044
    0.008984114    0.467703044
    0.005627351    0.469987810
    0.008907326    0.469987810
    0.005603251    0.472283721
    0.008755713    0.472283721
    0.005603251    0.474590868
    0.008643699    0.474590868
    0.005579253    0.476909310
    0.008533118    0.476909310
    0.005555359    0.479239047
    0.008387875    0.479239047
    0.005531567    0.481580168
    0.008280567    0.481580168
    0.005531567    0.483932734
    0.008174632    0.483932734
    0.005507877    0.486296773
    0.008070052    0.486296773
    0.005484288    0.488672346
    0.007966810    0.488672346
    0.005484288    0.491059572
    0.007864889    0.491059572
    0.005460800    0.493458450
    0.007764271    0.493458450
    0.005460800    0.495869011
    0.007632115    0.495869011
    0.005460800    0.498291373
    0.007502208    0.498291373
    0.005460800    0.500725567
    0.007374511    0.500725567
    0.005460800    0.503171682
    0.007248988    0.503171682
    0.005460800    0.505629718
    0.007125603    0.505629718
    0.005460800    0.508099735
    0.006974319    0.508099735
    0.005484288    0.510581851
    0.006885095    0.510581851
    0.005484288    0.513076067
    0.006738918    0.513076067
    0.005484288    0.515582502
    0.006624213    0.515582502
    0.005484288    0.518101215
    0.006511462    0.518101215
    0.005555359    0.520632207
    0.006345923    0.520632207
    0.005700276    0.523175538
    0.006079323    0.523175538
