    0.970626831    0.032215543
    0.962330759    0.032372922
    0.954105616    0.032531060
    0.945950806    0.032689981
    0.937865674    0.032849669
    0.929849625    0.033010144
    0.917953849    0.033171404
    0.910108030    0.033333443
    0.902329206    0.033496283
    0.890785515    0.033659913
    0.883171916    0.033824347
    0.875623345    0.033989582
    0.868139267    0.034155618
    0.860719204    0.034322474
    0.853362560    0.034490138
    0.842445314    0.034658629
    0.835244834    0.034827944
    0.828105927    0.034998074
    0.821028054    0.035169046
    0.810524404    0.035340853
    0.803596735    0.035513490
    0.796728313    0.035686977
    0.789918602    0.035861317
    0.783167064    0.036036506
    0.773147881    0.036212541
    0.766539693    0.036389444
    0.759988010    0.036567215
    0.753492296    0.036745843
    0.743852735    0.036925353
    0.737494946    0.037105739
    0.728060007    0.037287008
    0.721837163    0.037469149
    0.715667546    0.037652194
    0.709550738    0.037836131
    0.703486085    0.038020957
    0.697473347    0.038206697
    0.691511989    0.038393345
    0.682665288    0.038580891
    0.676830471    0.038769364
    0.668171585    0.038958762
    0.662460685    0.039149072
    0.656798542    0.039340321
    0.651184857    0.039532505
    0.645619094    0.039725628
    0.640100956    0.039919686
    0.631911993    0.040114701
    0.626510978    0.040310670
    0.621156096    0.040507581
    0.613209486    0.040705469
    0.607968330    0.040904310
    0.600190461    0.041104134
    0.595060587    0.041304938
    0.589974523    0.041506708
    0.584931970    0.041709475
    0.579932511    0.041913223
    0.574975729    0.042117976
    0.567619920    0.042323731
    0.562768459    0.042530477
    0.557958424    0.042738248
    0.550820291    0.042947032
    0.546112418    0.043156836
    0.541444719    0.043367650
    0.536816955    0.043579511
    0.532228708    0.043792404
    0.525419772    0.044006325
    0.520929039    0.044221304
    0.516476572    0.044437334
    0.512062192    0.044654407
    0.505511284    0.044872552
    0.501190603    0.045091763
    0.494778752    0.045312032
    0.490549833    0.045533389
    0.970626831    0.045533389
    0.486357033    0.045755826
    0.958209395    0.045755826
    0.482200116    0.045979351
    0.945950806    0.045979351
    0.478078693    0.046203956
    0.937865674    0.046203956
    0.473992497    0.046429671
    0.929849625    0.046429671
    0.467928618    0.046656489
    0.917953849    0.046656489
    0.463929176    0.046884403
    0.910108030    0.046884403
    0.459963948    0.047113441
    0.902329206    0.047113441
    0.454079509    0.047343586
    0.894616902    0.047343586
    0.450198442    0.047574867
    0.886970520    0.047574867
    0.446350574    0.047807280
    0.879389524    0.047807280
    0.442535549    0.048040811
    0.868139267    0.048040811
    0.438753128    0.048275501
    0.857033014    0.048275501
    0.433140069    0.048511323
    0.849707842    0.048511323
    0.429437965    0.048748307
    0.842445314    0.048748307
    0.425767511    0.048986454
    0.831667721    0.048986454
    0.420320600    0.049225748
    0.824559391    0.049225748
    0.416728079    0.049466223
    0.817511797    0.049466223
    0.413166255    0.049707875
    0.810524404    0.049707875
    0.407880515    0.049950708
    0.803596735    0.049950708
    0.404394299    0.050194710
    0.793316126    0.050194710
    0.400937915    0.050439920
    0.786535621    0.050439920
    0.397511035    0.050686330
    0.776473284    0.050686330
    0.394113481    0.050933927
    0.769836664    0.050933927
    0.389071494    0.051182751
    0.759988010    0.051182751
    0.385746092    0.051432785
    0.753492296    0.051432785
    0.382449090    0.051684029
    0.747052133    0.051684029
    0.377556324    0.051936515
    0.740666986    0.051936515
    0.374329329    0.052190237
    0.734336436    0.052190237
    0.369540423    0.052445181
    0.728060007    0.052445181
    0.366381913    0.052701384
    0.718745768    0.052701384
    0.363250405    0.052958839
    0.712602556    0.052958839
    0.360145688    0.053217553
    0.703486085    0.053217553
    0.357067466    0.053477515
    0.697473347    0.053477515
    0.354015589    0.053738765
    0.688550413    0.053738765
    0.349486589    0.054001287
    0.682665288    0.054001287
    0.346499473    0.054265078
    0.676830471    0.054265078
    0.343537927    0.054530174
    0.671045542    0.054530174
    0.339142978    0.054796547
    0.665310025    0.054796547
    0.336244285    0.055064239
    0.659623563    0.055064239
    0.333370358    0.055333238
    0.651184857    0.055333238
    0.330521017    0.055603534
    0.645619094    0.055603534
    0.326292574    0.055875167
    0.637359560    0.055875167
    0.323503733    0.056148112
    0.631911993    0.056148112
    0.320738703    0.056422409
    0.626510978    0.056422409
    0.317997336    0.056698039
    0.618495822    0.056698039
    0.315279365    0.056975007
    0.613209486    0.056975007
    0.311245918    0.057253338
    0.607968330    0.057253338
    0.308585674    0.057533033
    0.602771997    0.057533033
    0.304637879    0.057814091
    0.597620010    0.057814091
    0.302034110    0.058096506
    0.592512131    0.058096506
    0.299452603    0.058380321
    0.584931970    0.058380321
    0.296893150    0.058665518
    0.577448785    0.058665518
    0.294355571    0.058952093
    0.572513282    0.058952093
    0.291839689    0.059240084
    0.567619920    0.059240084
    0.288106114    0.059529483
    0.560358286    0.059529483
    0.285643637    0.059820279
    0.555568814    0.059820279
    0.283202201    0.060112514
    0.550820291    0.060112514
    0.279579133    0.060406171
    0.546112418    0.060406171
    0.277189553    0.060701251
    0.541444719    0.060701251
    0.274820358    0.060997788
    0.536816955    0.060997788
    0.272471428    0.061295774
    0.529949307    0.061295774
    0.270142585    0.061595213
    0.525419772    0.061595213
    0.266686589    0.061896101
    0.518698037    0.061896101
    0.264407188    0.062198475
    0.514264643    0.062198475
    0.262147278    0.062502325
    0.509869158    0.062502325
    0.259906679    0.062807642
    0.505511284    0.062807642
    0.256581634    0.063114472
    0.499044120    0.063114472
    0.254388601    0.063422777
    0.494778752    0.063422777
    0.251134187    0.063732609
    0.490549833    0.063732609
    0.248987734    0.064043954
    0.486357033    0.064043954
    0.246859610    0.064356804
    0.480134964    0.064356804
    0.244749680    0.064671196
    0.476031214    0.064671196
    0.242657736    0.064987108
    0.469941258    0.064987108
    0.239553362    0.065304585
    0.465924621    0.065304585
    0.237505883    0.065623611
    0.461942315    0.065623611
    0.235475898    0.065944172
    0.457994044    0.065944172
    0.232463405    0.066266321
    0.454079509    0.066266321
    0.230476514    0.066590048
    0.450198442    0.066590048
    0.228506610    0.066915348
    0.446350574    0.066915348
    0.226553530    0.067242227
    0.440640271    0.067242227
    0.223655194    0.067570716
    0.435003072    0.067570716
    0.221743584    0.067900814
    0.431285053    0.067900814
    0.219848320    0.068232499
    0.427598804    0.068232499
    0.217969254    0.068565831
    0.422128439    0.068565831
    0.216106251    0.068900786
    0.418520480    0.068900786
    0.213341549    0.069237359
    0.414943337    0.069237359
    0.211518109    0.069575593
    0.411396772    0.069575593
    0.209710240    0.069915488
    0.407880515    0.069915488
    0.207027361    0.070257016
    0.404394299    0.070257016
    0.205257878    0.070600234
    0.399220794    0.070600234
    0.203503519    0.070945129
    0.395808607    0.070945129
    0.201764166    0.071291707
    0.390744954    0.071291707
    0.200039655    0.071639962
    0.387405246    0.071639962
    0.197480515    0.071989939
    0.384094059    0.071989939
    0.195792630    0.072341621
    0.379180253    0.072341621
    0.194119170    0.072695002
    0.375939369    0.072695002
    0.192460015    0.073050134
    0.372726142    0.073050134
    0.189997822    0.073406994
    0.369540423    0.073406994
    0.188373893    0.073765598
    0.366381913    0.073765598
    0.186763838    0.074125938
    0.363250405    0.074125938
    0.185167551    0.074488059
    0.358603269    0.074488059
    0.182798669    0.074851945
    0.355538249    0.074851945
    0.181236267    0.075217590
    0.350989789    0.075217590
    0.179687217    0.075585037
    0.347989827    0.075585037
    0.178151414    0.075954288
    0.345015526    0.075954288
    0.175872296    0.076325320
    0.342066646    0.076325320
    0.174369097    0.076698177
    0.337690502    0.076698177
    0.172878742    0.077072844
    0.334804237    0.077072844
    0.170667067    0.077449359
    0.333370358    0.077449359
    0.169208363    0.077827714
    0.329105496    0.077827714
    0.167762116    0.078207895
    0.324895173    0.078207895
    0.166328236    0.078589953
    0.322118253    0.078589953
    0.164906606    0.078973860
    0.317997336    0.078973860
    0.163497135    0.079359658
    0.315279365    0.079359658
    0.161405489    0.079747342
    0.312584639    0.079747342
    0.160025939    0.080136903
    0.309912950    0.080136903
    0.158658177    0.080528386
    0.307264090    0.080528386
    0.156628430    0.080921784
    0.304637879    0.080921784
    0.155289710    0.081317075
    0.302034110    0.081317075
    0.153962433    0.081714325
    0.298170120    0.081714325
    0.152646497    0.082113512
    0.295621634    0.082113512
    0.150693655    0.082514651
    0.291839689    0.082514651
    0.149405673    0.082917728
    0.289345294    0.082917728
    0.148128688    0.083322801
    0.285643637    0.083322801
    0.146862611    0.083729848
    0.283202201    0.083729848
    0.144983768    0.084138855
    0.280781657    0.084138855
    0.143744558    0.084549889
    0.278381795    0.084549889
    0.142515957    0.084962934
    0.276002377    0.084962934
    0.140692711    0.085377991
    0.273643374    0.085377991
    0.139490202    0.085795052
    0.270142585    0.085795052
    0.138297960    0.086214177
    0.267833650    0.086214177
    0.137115926    0.086635351
    0.264407188    0.086635351
    0.135943979    0.087058559
    0.262147278    0.087058559
    0.134782046    0.087483853
    0.258793592    0.087483853
    0.133057758    0.087911226
    0.256581634    0.087911226
    0.131920502    0.088340670
    0.254388601    0.088340670
    0.130792961    0.088772230
    0.252214372    0.088772230
    0.129119694    0.089205869
    0.250058651    0.089205869
    0.128016099    0.089641660
    0.247921392    0.089641660
    0.126921922    0.090079576
    0.245802373    0.090079576
    0.125837117    0.090519607
    0.242657736    0.090519607
    0.124761574    0.090961806
    0.240583718    0.090961806
    0.123695225    0.091406152
    0.237505883    0.091406152
    0.122112766    0.091852687
    0.235475898    0.091852687
    0.121069051    0.092301399
    0.233463258    0.092301399
    0.120034263    0.092752285
    0.230476514    0.092752285
    0.118498638    0.093205392
    0.228506610    0.093205392
    0.117485821    0.093660720
    0.226553530    0.093660720
    0.116481654    0.094118245
    0.224617153    0.094118245
    0.115486078    0.094578028
    0.222697333    0.094578028
    0.114499003    0.095040061
    0.219848320    0.095040061
    0.113034196    0.095504351
    0.217969254    0.095504351
    0.112068079    0.095970877
    0.215180725    0.095970877
    0.111110225    0.096439712
    0.213341549    0.096439712
    0.110160552    0.096910842
    0.211518109    0.096910842
    0.109219000    0.097384237
    0.209710240    0.097384237
    0.107821733    0.097859979
    0.207917824    0.097859979
    0.106900170    0.098338045
    0.206140727    0.098338045
    0.105532579    0.098818414
    0.204378828    0.098818414
    0.104630575    0.099301159
    0.201764166    0.099301159
    0.103736289    0.099786267
    0.199182943    0.099786267
    0.102849633    0.100273713
    0.197480515    0.100273713
    0.101970568    0.100763567
    0.195792630    0.100763567
    0.101099014    0.101255797
    0.193287805    0.101255797
    0.100234911    0.101750441
    0.191635758    0.101750441
    0.098952584    0.102247506
    0.189997822    0.102247506
    0.098106824    0.102746993
    0.188373893    0.102746993
    0.097268298    0.103248917
    0.186763838    0.103248917
    0.096023925    0.103753306
    0.185167551    0.103753306
    0.095203198    0.104260147
    0.182798669    0.104260147
    0.094389483    0.104769461
    0.181236267    0.104769461
    0.093582727    0.105281264
    0.178917676    0.105281264
    0.092782870    0.105795585
    0.177388445    0.105795585
    0.091989845    0.106312394
    0.175119072    0.106312394
    0.090812996    0.106831737
    0.173622310    0.106831737
    0.090036809    0.107353628
    0.172138348    0.107353628
    0.089267254    0.107878059
    0.170667067    0.107878059
    0.088125236    0.108405061
    0.169208363    0.108405061
    0.087372027    0.108934626
    0.167762116    0.108934626
    0.086625248    0.109466776
    0.165615901    0.109466776
    0.085884854    0.110001542
    0.164200366    0.110001542
    0.085150786    0.110538900
    0.162099719    0.110538900
    0.084061429    0.111078903
    0.160714224    0.111078903
    0.083342955    0.111621529
    0.158658177    0.111621529
    0.082630612    0.112166807
    0.157302111    0.112166807
    0.081924357    0.112714760
    0.155957639    0.112714760
    0.080876283    0.113265380
    0.154624641    0.113265380
    0.080185026    0.113818683
    0.153303057    0.113818683
    0.079159200    0.114374690
    0.151992753    0.114374690
    0.078820184    0.114933431
    0.150693655    0.114933431
    0.078146502    0.115494892
    0.148765802    0.115494892
    0.077146754    0.116059087
    0.146862611    0.116059087
    0.076487370    0.116626054
    0.145607367    0.116626054
    0.075833626    0.117195778
    0.144362822    0.117195778
    0.075185470    0.117768288
    0.142515957    0.117768288
    0.074542850    0.118343607
    0.141297862    0.118343607
    0.073589206    0.118921719
    0.140090168    0.118921719
    0.072960235    0.119502671
    0.138892800    0.119502671
    0.072336636    0.120086446
    0.137705669    0.120086446
    0.071718365    0.120673075
    0.136528686    0.120673075
    0.071105383    0.121262588
    0.134782046    0.121262588
    0.070195720    0.121854961
    0.133630052    0.121854961
    0.069595747    0.122450240
    0.131920502    0.122450240
    0.069000907    0.123048417
    0.130792961    0.123048417
    0.068411149    0.123649515
    0.129675061    0.123649515
    0.067826428    0.124253564
    0.128016099    0.124253564
    0.066958711    0.124860547
    0.126921922    0.124860547
    0.066386409    0.125470504
    0.125837117    0.125470504
    0.065818995    0.126083449
    0.124761574    0.126083449
    0.065256439    0.126699373
    0.123695225    0.126699373
    0.064698681    0.127318293
    0.122112766    0.127318293
    0.063870981    0.127940252
    0.121069051    0.127940252
    0.063325070    0.128565267
    0.119520187    0.128565267
    0.062783822    0.129193306
    0.118498638    0.129193306
    0.062247202    0.129824430
    0.117485821    0.129824430
    0.061715171    0.130458638
    0.115982801    0.130458638
    0.060925633    0.131095931
    0.114991479    0.131095931
    0.060404897    0.131736353
    0.114008635    0.131736353
    0.059888609    0.132379889
    0.113034196    0.132379889
    0.059376735    0.133026585
    0.112068079    0.133026585
    0.058617115    0.133676425
    0.110634372    0.133676425
    0.058116108    0.134329438
    0.109688766    0.134329438
    0.057619385    0.134985670
    0.108285494    0.134985670
    0.057126906    0.135645077
    0.107359968    0.135645077
    0.056638636    0.136307701
    0.106442347    0.136307701
    0.056154542    0.136973590
    0.105080612    0.136973590
    0.055436142    0.137642711
    0.104182474    0.137642711
    0.054962326    0.138315111
    0.103292018    0.138315111
    0.054492556    0.138990805
    0.102849633    0.138990805
    0.053795423    0.139669776
    0.101533853    0.139669776
    0.053565029    0.140352070
    0.100234911    0.140352070
    0.053107206    0.141037703
    0.099378191    0.141037703
    0.052427795    0.141726688
    0.098106824    0.141726688
    0.051979687    0.142419025
    0.097268298    0.142419025
    0.051535413    0.143114761
    0.096436933    0.143114761
    0.051094934    0.143813893
    0.095203198    0.143813893
    0.050441265    0.144516438
    0.094389483    0.144516438
    0.050010137    0.145222425
    0.093582727    0.145222425
    0.049582697    0.145931840
    0.092782870    0.145931840
    0.049158908    0.146644726
    0.091989845    0.146644726
    0.048738740    0.147361115
    0.090812996    0.147361115
    0.048322167    0.148080975
    0.090036809    0.148080975
    0.047909152    0.148804381
    0.088884950    0.148804381
    0.047296241    0.149531290
    0.088125236    0.149531290
    0.046891995    0.150261760
    0.087372027    0.150261760
    0.046491206    0.150995821
    0.086625248    0.150995821
    0.046093840    0.151733443
    0.085884854    0.151733443
    0.045504149    0.152474687
    0.084786110    0.152474687
    0.045115221    0.153219521
    0.084422991    0.153219521
    0.044729616    0.153968006
    0.083342955    0.153968006
    0.044347309    0.154720172
    0.082276724    0.154720172
    0.043968268    0.155475989
    0.081573501    0.155475989
    0.043592468    0.156235516
    0.080529913    0.156235516
    0.043219864    0.156998739
    0.079841614    0.156998739
    0.042850461    0.157765672
    0.079159200    0.157765672
    0.042484213    0.158536375
    0.078482620    0.158536375
    0.041940704    0.159310848
    0.077478573    0.159310848
    0.041582234    0.160089090
    0.076816358    0.160089090
    0.041226827    0.160871133
    0.076487370    0.160871133
    0.040874455    0.161656991
    0.075508855    0.161656991
    0.040525097    0.162446693
    0.074542850    0.162446693
    0.040178727    0.163240284
    0.073905729    0.163240284
    0.039835315    0.164037719
    0.072960235    0.164037719
    0.039325692    0.164839044
    0.072336636    0.164839044
    0.038989570    0.165644288
    0.071718365    0.165644288
    0.038656324    0.166453496
    0.070800856    0.166453496
    0.038325936    0.167266622
    0.070195720    0.167266622
    0.037835624    0.168083757
    0.069595747    0.168083757
    0.037512239    0.168904856
    0.069000907    0.168904856
    0.037191618    0.169729963
    0.068411149    0.169729963
    0.036873735    0.170559123
    0.067535952    0.170559123
    0.036558565    0.171392307
    0.066958711    0.171392307
    0.036246095    0.172229588
    0.066102095    0.172229588
    0.035936296    0.173070937
    0.065537117    0.173070937
    0.035629142    0.173916399
    0.064698681    0.173916399
    0.035324618    0.174766004
    0.064145699    0.174766004
    0.034872703    0.175619751
    0.063597441    0.175619751
    0.034574643    0.176477656
    0.063053861    0.176477656
    0.034279127    0.177339762
    0.062514938    0.177339762
    0.033986140    0.178206101
    0.061715171    0.178206101
    0.033695657    0.179076642
    0.061187685    0.179076642
    0.033407658    0.179951444
    0.060404897    0.179951444
    0.033122119    0.180830538
    0.059888609    0.180830538
    0.032839023    0.181713894
    0.059122439    0.181713894
    0.032418903    0.182601586
    0.058617115    0.182601586
    0.032141816    0.183493629
    0.058116108    0.183493629
    0.031867098    0.184389994
    0.057619385    0.184389994
    0.031594727    0.185290754
    0.057126906    0.185290754
    0.031190528    0.186195925
    0.056638636    0.186195925
    0.031056948    0.187105507
    0.055914048    0.187105507
    0.030791501    0.188019514
    0.055436142    0.188019514
    0.030528322    0.188938007
    0.054726936    0.188938007
    0.030267393    0.189861000
    0.054259181    0.189861000
    0.030008696    0.190788478
    0.053565029    0.190788478
    0.029624788    0.191720486
    0.053107206    0.191720486
    0.029371582    0.192657083
    0.052653294    0.192657083
    0.029120540    0.193598211
    0.052203260    0.193598211
    0.028871644    0.194543973
    0.051757071    0.194543973
    0.028624875    0.195494339
    0.051314700    0.195494339
    0.028380215    0.196449339
    0.050658219    0.196449339
    0.028137647    0.197409019
    0.050010137    0.197409019
    0.027897151    0.198373377
    0.049582697    0.198373377
    0.027658712    0.199342459
    0.048948374    0.199342459
    0.027422309    0.200316265
    0.048530009    0.200316265
    0.027187929    0.201294810
    0.048115216    0.201294810
    0.026955551    0.202278182
    0.047703970    0.202278182
    0.026610702    0.203266323
    0.047093686    0.203266323
    0.026383258    0.204259276
    0.046691168    0.204259276
    0.026157757    0.205257088
    0.046292096    0.205257088
    0.025934184    0.206259817
    0.045896433    0.206259817
    0.025712522    0.207267404
    0.045309268    0.207267404
    0.025492756    0.208279908
    0.044729616    0.208279908
    0.025274865    0.209297404
    0.044347309    0.209297404
    0.025058839    0.210319817
    0.043779965    0.210319817
    0.024844659    0.211347252
    0.043405760    0.211347252
    0.024632309    0.212379709
    0.043034766    0.212379709
    0.024421774    0.213417202
    0.042666946    0.213417202
    0.024213038    0.214459777
    0.042302266    0.214459777
    0.023903277    0.215507418
    0.041940704    0.215507418
    0.023698973    0.216560185
    0.041404147    0.216560185
    0.023597477    0.217618123
    0.040874455    0.217618123
    0.023395786    0.218681201
    0.040525097    0.218681201
    0.023195820    0.219749495
    0.040006652    0.219749495
    0.022997564    0.220822975
    0.039664712    0.220822975
    0.022801001    0.221901715
    0.039157271    0.221901715
    0.022606118    0.222985744
    0.038822591    0.222985744
    0.022316914    0.224075034
    0.038490769    0.224075034
    0.022126168    0.225169659
    0.038161796    0.225169659
    0.021937054    0.226269647
    0.037835624    0.226269647
    0.021749556    0.227374986
    0.037351582    0.227374986
    0.021563660    0.228485718
    0.037032336    0.228485718
    0.021379353    0.229601875
    0.036558565    0.229601875
    0.021287791    0.230723530
    0.036090862    0.230723530
    0.021015447    0.231850624
    0.035782389    0.231850624
    0.020835824    0.232983217
    0.035476554    0.232983217
    0.020657739    0.234121382
    0.035173330    0.234121382
    0.020481175    0.235265076
    0.034723353    0.235265076
    0.020306122    0.236414358
    0.034426566    0.236414358
    0.020132562    0.237569258
    0.034132320    0.237569258
    0.019960493    0.238729820
    0.033840589    0.238729820
    0.019875007    0.239896029
    0.033407658    0.239896029
    0.019705134    0.241067931
    0.032980267    0.241067931
    0.019536711    0.242245600
    0.032558344    0.242245600
    0.019369729    0.243428975
    0.032280065    0.243428975
    0.019204175    0.244618133
    0.032004163    0.244618133
    0.019040035    0.245813131
    0.031594727    0.245813131
    0.018877298    0.247013941
    0.031324685    0.247013941
    0.018715952    0.248220623
    0.031056948    0.248220623
    0.018476509    0.249433219
    0.030791501    0.249433219
    0.018397380    0.250651717
    0.030397579    0.250651717
    0.018240135    0.251876146
    0.030137768    0.251876146
    0.018084235    0.253106594
    0.029752208    0.253106594
    0.018006785    0.254343063
    0.029371582    0.254343063
    0.017852880    0.255585521
    0.029120540    0.255585521
    0.017700288    0.256834090
    0.028747994    0.256834090
    0.017549003    0.258088768
    0.028502282    0.258088768
    0.017399009    0.259349525
    0.028258670    0.259349525
    0.017250299    0.260616511
    0.028017141    0.260616511
    0.017029611    0.261889637
    0.027777676    0.261889637
    0.016956680    0.263168961
    0.027422309    0.263168961
    0.016811749    0.264454603
    0.027071491    0.264454603
    0.016668057    0.265746474
    0.026725158    0.265746474
    0.016596671    0.267044693
    0.026496736    0.267044693
    0.016454818    0.268349200
    0.026157757    0.268349200
    0.016314177    0.269660115
    0.025934184    0.269660115
    0.016174739    0.270977437
    0.025602402    0.270977437
    0.016036492    0.272301197
    0.025383577    0.272301197
    0.015899425    0.273631424
    0.025166621    0.273631424
    0.015763532    0.274968117
    0.024951519    0.274968117
    0.015628800    0.276311368
    0.024632309    0.276311368
    0.015561866    0.277661204
    0.024317183    0.277661204
    0.015428857    0.279017568
    0.024109341    0.279017568
    0.015296984    0.280380636
    0.023800906    0.280380636
    0.015231472    0.281750292
    0.023496415    0.281750292
    0.015101288    0.283126652
    0.023295589    0.283126652
    0.014972215    0.284509748
    0.022997564    0.284509748
    0.014844246    0.285899639
    0.022801001    0.285899639
    0.014717370    0.287296265
    0.022606118    0.287296265
    0.014591580    0.288699716
    0.022412902    0.288699716
    0.014466864    0.290110022
    0.022126168    0.290110022
    0.014404907    0.291527241
    0.021843104    0.291527241
    0.014281786    0.292951405
    0.021563660    0.292951405
    0.014220621    0.294382483
    0.021287791    0.294382483
    0.014099076    0.295820534
    0.021105843    0.295820534
    0.013978570    0.297265649
    0.020835824    0.297265649
    0.013918703    0.298717827
    0.020657739    0.298717827
    0.013799739    0.300177097
    0.020393461    0.300177097
    0.013623197    0.301643491
    0.020219155    0.301643491
    0.013564852    0.303117037
    0.020046346    0.303117037
    0.013448912    0.304597795
    0.019789888    0.304597795
    0.013391314    0.306085795
    0.019536711    0.306085795
    0.013333962    0.307581037
    0.019286774    0.307581037
    0.013219995    0.309083641
    0.019040035    0.309083641
    0.013163378    0.310593516
    0.018796451    0.310593516
    0.013050869    0.312110782
    0.018635796    0.312110782
    0.012939323    0.313635498
    0.018476509    0.313635498
    0.012883907    0.315167636
    0.018240135    0.315167636
    0.012773787    0.316707253
    0.018084235    0.316707253
    0.012664608    0.318254411
    0.017929668    0.318254411
    0.012610369    0.319809109
    0.017700288    0.319809109
    0.012502587    0.321371406
    0.017399009    0.321371406
    0.012449042    0.322941333
    0.017176419    0.322941333
    0.012395727    0.324518919
    0.016956680    0.324518919
    0.012342638    0.326104254
    0.016739748    0.326104254
    0.012237145    0.327697307
    0.016525593    0.327697307
    0.012184736    0.329298109
    0.016384346    0.329298109
    0.012080592    0.330906779
    0.016174739    0.330906779
    0.011977338    0.332523257
    0.016036492    0.332523257
    0.011874967    0.334147692
    0.015831333    0.334147692
    0.011874967    0.335780025
    0.015628800    0.335780025
    0.011824110    0.337420315
    0.015362780    0.337420315
    0.011773470    0.339068651
    0.015166240    0.339068651
    0.011723048    0.340725034
    0.014972215    0.340725034
    0.011672841    0.342389494
    0.014717370    0.342389494
    0.011622850    0.344062120
    0.014529089    0.344062120
    0.011573073    0.345742881
    0.014343214    0.345742881
    0.011474156    0.347431868
    0.014220621    0.347431868
    0.011425016    0.349129081
    0.014038694    0.349129081
    0.011327364    0.350834638
    0.013859094    0.350834638
    0.011376086    0.352548480
    0.013623197    0.352548480
    0.011376086    0.354270697
    0.013333962    0.354270697
    0.011376086    0.356001347
    0.013107003    0.356001347
    0.011376086    0.357740432
    0.012828729    0.357740432
    0.011425016    0.359488040
    0.012610369    0.359488040
    0.011425016    0.361244172
    0.012289778    0.361244172
    0.011474156    0.363008887
    0.012080592    0.363008887
