0.000000000000000000e+00 0.000000000000000000e+00 0.000000000000000000e+00 0.000000000000000000e+00 0.000000000000000000e+00 0.000000000000000000e+00 0.000000000000000000e+00
2.020202020202020166e-01 0.000000000000000000e+00 0.000000000000000000e+00 0.000000000000000000e+00 0.000000000000000000e+00 0.000000000000000000e+00 0.000000000000000000e+00
4.040404040404040331e-01 3.039999999999999994e-02 2.609199999999999964e+00 0.000000000000000000e+00 1.141999999999999960e-01 6.877333333333334409e+00 0.000000000000000000e+00
6.060606060606060774e-01 5.059999999999999915e-02 3.318799999999999972e+00 0.000000000000000000e+00 2.508000000000000229e-01 1.372349999999999426e+01 0.000000000000000000e+00
8.080808080808080662e-01 5.059999999999999915e-02 3.318799999999999972e+00 0.000000000000000000e+00 2.508000000000000229e-01 1.608900000000000219e+01 0.000000000000000000e+00
1.010101010101010166e+00 4.939999999999999947e-02 2.865000000000000213e+00 0.000000000000000000e+00 2.849999999999999756e-01 2.090500000000000469e+01 0.000000000000000000e+00
1.212121212121212155e+00 4.939999999999999947e-02 2.865000000000000213e+00 0.000000000000000000e+00 2.849999999999999756e-01 3.200100000000000477e+01 0.000000000000000000e+00
1.414141414141414144e+00 4.939999999999999947e-02 2.865000000000000213e+00 0.000000000000000000e+00 2.849999999999999756e-01 4.668299999999996430e+01 0.000000000000000000e+00
1.616161616161616132e+00 4.460000000000000075e-02 2.359999999999999876e+00 0.000000000000000000e+00 2.677999999999999825e-01 5.804400000000001825e+01 0.000000000000000000e+00
1.818181818181818121e+00 4.460000000000000075e-02 2.359999999999999876e+00 0.000000000000000000e+00 2.677999999999999825e-01 6.214900000000001512e+01 0.000000000000000000e+00
2.020202020202020332e+00 3.980000000000000204e-02 1.816799999999999971e+00 0.000000000000000000e+00 2.240000000000000047e-01 5.552849999999995134e+01 0.000000000000000000e+00
2.222222222222222321e+00 3.980000000000000204e-02 1.816799999999999971e+00 0.000000000000000000e+00 2.240000000000000047e-01 4.218200000000005900e+01 0.000000000000000000e+00
2.424242424242424310e+00 3.980000000000000204e-02 1.816799999999999971e+00 0.000000000000000000e+00 2.240000000000000047e-01 2.942199999999997573e+01 0.000000000000000000e+00
2.626262626262626299e+00 3.939999999999999752e-02 1.365599999999999925e+00 0.000000000000000000e+00 1.670000000000000095e-01 1.972650000000002635e+01 0.000000000000000000e+00
2.828282828282828287e+00 3.939999999999999752e-02 1.365599999999999925e+00 0.000000000000000000e+00 1.670000000000000095e-01 1.293699999999998873e+01 0.000000000000000000e+00
3.030303030303030276e+00 3.540000000000000091e-02 1.066000000000000059e+00 0.000000000000000000e+00 1.205999999999999989e-01 8.287499999999992539e+00 0.000000000000000000e+00
3.232323232323232265e+00 3.540000000000000091e-02 1.066000000000000059e+00 0.000000000000000000e+00 1.205999999999999989e-01 5.210000000000007070e+00 0.000000000000000000e+00
3.434343434343434254e+00 3.540000000000000091e-02 1.066000000000000059e+00 0.000000000000000000e+00 1.205999999999999989e-01 3.364999999999997105e+00 0.000000000000000000e+00
3.636363636363636243e+00 3.259999999999999704e-02 8.813999999999999613e-01 0.000000000000000000e+00 8.980000000000000482e-02 2.391000000000003123e+00 0.000000000000000000e+00
3.838383838383838231e+00 3.259999999999999704e-02 8.813999999999999613e-01 0.000000000000000000e+00 8.980000000000000482e-02 1.855499999999998373e+00 0.000000000000000000e+00
4.040404040404040664e+00 2.980000000000000010e-02 6.825999999999999845e-01 0.000000000000000000e+00 7.199999999999999456e-02 1.535999999999998478e+00 0.000000000000000000e+00
4.242424242424242209e+00 2.980000000000000010e-02 6.825999999999999845e-01 0.000000000000000000e+00 7.199999999999999456e-02 1.300499999999998879e+00 0.000000000000000000e+00
4.444444444444444642e+00 2.980000000000000010e-02 6.825999999999999845e-01 0.000000000000000000e+00 7.199999999999999456e-02 1.151000000000004020e+00 0.000000000000000000e+00
4.646464646464646187e+00 2.819999999999999937e-02 5.707999999999999741e-01 0.000000000000000000e+00 6.260000000000000286e-02 1.003999999999999115e+00 0.000000000000000000e+00
4.848484848484848619e+00 2.819999999999999937e-02 5.707999999999999741e-01 0.000000000000000000e+00 6.260000000000000286e-02 9.049999999999991385e-01 0.000000000000000000e+00
5.050505050505050164e+00 2.819999999999999937e-02 5.707999999999999741e-01 0.000000000000000000e+00 6.260000000000000286e-02 9.049999999999991385e-01 0.000000000000000000e+00
5.252525252525252597e+00 2.560000000000000123e-02 4.516999999999999904e-01 0.000000000000000000e+00 5.559999999999999665e-02 7.217000000000000082e-01 0.000000000000000000e+00
5.454545454545454142e+00 2.560000000000000123e-02 4.516999999999999904e-01 0.000000000000000000e+00 5.559999999999999665e-02 7.217000000000000082e-01 0.000000000000000000e+00
5.656565656565656575e+00 2.560000000000000123e-02 4.516999999999999904e-01 0.000000000000000000e+00 5.559999999999999665e-02 7.217000000000000082e-01 0.000000000000000000e+00
5.858585858585858119e+00 2.560000000000000123e-02 4.516999999999999904e-01 0.000000000000000000e+00 5.559999999999999665e-02 7.217000000000000082e-01 0.000000000000000000e+00
6.060606060606060552e+00 2.319999999999999840e-02 3.503999999999999893e-01 0.000000000000000000e+00 4.819999999999999979e-02 5.392000000000000126e-01 0.000000000000000000e+00
6.262626262626262097e+00 2.319999999999999840e-02 3.503999999999999893e-01 0.000000000000000000e+00 4.819999999999999979e-02 5.392000000000000126e-01 0.000000000000000000e+00
6.464646464646464530e+00 2.319999999999999840e-02 3.503999999999999893e-01 0.000000000000000000e+00 4.819999999999999979e-02 5.392000000000000126e-01 0.000000000000000000e+00
6.666666666666666963e+00 2.319999999999999840e-02 3.503999999999999893e-01 0.000000000000000000e+00 4.819999999999999979e-02 5.392000000000000126e-01 0.000000000000000000e+00
6.868686868686868507e+00 2.319999999999999840e-02 3.503999999999999893e-01 0.000000000000000000e+00 4.819999999999999979e-02 5.392000000000000126e-01 0.000000000000000000e+00
7.070707070707070940e+00 1.880000000000000074e-02 2.767999999999999905e-01 0.000000000000000000e+00 4.120000000000000051e-02 4.495999999999999996e-01 0.000000000000000000e+00
7.272727272727272485e+00 1.880000000000000074e-02 2.767999999999999905e-01 0.000000000000000000e+00 4.120000000000000051e-02 4.495999999999999996e-01 0.000000000000000000e+00
7.474747474747474918e+00 1.880000000000000074e-02 2.767999999999999905e-01 0.000000000000000000e+00 4.120000000000000051e-02 4.495999999999999996e-01 0.000000000000000000e+00
7.676767676767676463e+00 1.880000000000000074e-02 2.767999999999999905e-01 0.000000000000000000e+00 4.120000000000000051e-02 4.495999999999999996e-01 0.000000000000000000e+00
7.878787878787878896e+00 1.880000000000000074e-02 2.767999999999999905e-01 0.000000000000000000e+00 4.120000000000000051e-02 4.495999999999999996e-01 0.000000000000000000e+00
8.080808080808081328e+00 1.629999999999999852e-02 2.257000000000000117e-01 0.000000000000000000e+00 3.330000000000000321e-02 4.124999999999999778e-01 0.000000000000000000e+00
8.282828282828281985e+00 1.629999999999999852e-02 2.257000000000000117e-01 0.000000000000000000e+00 3.330000000000000321e-02 4.124999999999999778e-01 0.000000000000000000e+00
8.484848484848484418e+00 1.629999999999999852e-02 2.257000000000000117e-01 0.000000000000000000e+00 3.330000000000000321e-02 4.124999999999999778e-01 0.000000000000000000e+00
8.686868686868686851e+00 1.629999999999999852e-02 2.257000000000000117e-01 0.000000000000000000e+00 3.330000000000000321e-02 4.124999999999999778e-01 0.000000000000000000e+00
8.888888888888889284e+00 1.629999999999999852e-02 2.257000000000000117e-01 0.000000000000000000e+00 3.330000000000000321e-02 4.124999999999999778e-01 0.000000000000000000e+00
9.090909090909089940e+00 1.409999999999999969e-02 1.882999999999999952e-01 0.000000000000000000e+00 2.740000000000000074e-02 4.030000000000000249e-01 0.000000000000000000e+00
9.292929292929292373e+00 1.409999999999999969e-02 1.882999999999999952e-01 0.000000000000000000e+00 2.740000000000000074e-02 4.030000000000000249e-01 0.000000000000000000e+00
9.494949494949494806e+00 1.409999999999999969e-02 1.882999999999999952e-01 0.000000000000000000e+00 2.740000000000000074e-02 4.030000000000000249e-01 0.000000000000000000e+00
9.696969696969697239e+00 1.409999999999999969e-02 1.882999999999999952e-01 0.000000000000000000e+00 2.740000000000000074e-02 4.030000000000000249e-01 0.000000000000000000e+00
9.898989898989899672e+00 1.409999999999999969e-02 1.882999999999999952e-01 0.000000000000000000e+00 2.740000000000000074e-02 4.030000000000000249e-01 0.000000000000000000e+00
1.010101010101010033e+01 1.409999999999999969e-02 1.882999999999999952e-01 0.000000000000000000e+00 2.740000000000000074e-02 4.089999999999999747e-01 0.000000000000000000e+00
1.030303030303030276e+01 1.055000000000000035e-02 1.517499999999999960e-01 0.000000000000000000e+00 1.694999999999999979e-02 4.089999999999999747e-01 0.000000000000000000e+00
1.050505050505050519e+01 1.055000000000000035e-02 1.517499999999999960e-01 0.000000000000000000e+00 1.694999999999999979e-02 4.089999999999999747e-01 0.000000000000000000e+00
1.070707070707070763e+01 1.055000000000000035e-02 1.517499999999999960e-01 0.000000000000000000e+00 1.694999999999999979e-02 4.089999999999999747e-01 0.000000000000000000e+00
1.090909090909090828e+01 1.055000000000000035e-02 1.517499999999999960e-01 0.000000000000000000e+00 1.694999999999999979e-02 4.089999999999999747e-01 0.000000000000000000e+00
1.111111111111111072e+01 1.055000000000000035e-02 1.517499999999999960e-01 0.000000000000000000e+00 1.694999999999999979e-02 4.143999999999999906e-01 0.000000000000000000e+00
1.131313131313131315e+01 1.055000000000000035e-02 1.517499999999999960e-01 0.000000000000000000e+00 1.694999999999999979e-02 4.143999999999999906e-01 0.000000000000000000e+00
1.151515151515151558e+01 1.055000000000000035e-02 1.517499999999999960e-01 0.000000000000000000e+00 1.694999999999999979e-02 4.143999999999999906e-01 0.000000000000000000e+00
1.171717171717171624e+01 1.055000000000000035e-02 1.517499999999999960e-01 0.000000000000000000e+00 1.694999999999999979e-02 4.143999999999999906e-01 0.000000000000000000e+00
1.191919191919191867e+01 1.055000000000000035e-02 1.517499999999999960e-01 0.000000000000000000e+00 1.694999999999999979e-02 4.143999999999999906e-01 0.000000000000000000e+00
1.212121212121212110e+01 7.300000000000000065e-03 1.169000000000000039e-01 0.000000000000000000e+00 9.350000000000000672e-03 3.945000000000000173e-01 0.000000000000000000e+00
1.232323232323232354e+01 7.300000000000000065e-03 1.169000000000000039e-01 0.000000000000000000e+00 9.350000000000000672e-03 3.945000000000000173e-01 0.000000000000000000e+00
1.252525252525252419e+01 7.300000000000000065e-03 1.169000000000000039e-01 0.000000000000000000e+00 9.350000000000000672e-03 3.945000000000000173e-01 0.000000000000000000e+00
1.272727272727272663e+01 7.300000000000000065e-03 1.169000000000000039e-01 0.000000000000000000e+00 9.350000000000000672e-03 3.945000000000000173e-01 0.000000000000000000e+00
1.292929292929292906e+01 7.300000000000000065e-03 1.169000000000000039e-01 0.000000000000000000e+00 9.350000000000000672e-03 3.945000000000000173e-01 0.000000000000000000e+00
1.313131313131313149e+01 7.300000000000000065e-03 1.169000000000000039e-01 0.000000000000000000e+00 9.350000000000000672e-03 3.245000000000000107e-01 0.000000000000000000e+00
1.333333333333333393e+01 7.300000000000000065e-03 1.169000000000000039e-01 0.000000000000000000e+00 9.350000000000000672e-03 3.245000000000000107e-01 0.000000000000000000e+00
1.353535353535353458e+01 7.300000000000000065e-03 1.169000000000000039e-01 0.000000000000000000e+00 9.350000000000000672e-03 3.245000000000000107e-01 0.000000000000000000e+00
1.373737373737373701e+01 7.300000000000000065e-03 1.169000000000000039e-01 0.000000000000000000e+00 9.350000000000000672e-03 3.245000000000000107e-01 0.000000000000000000e+00
1.393939393939393945e+01 7.300000000000000065e-03 1.169000000000000039e-01 0.000000000000000000e+00 9.350000000000000672e-03 3.245000000000000107e-01 0.000000000000000000e+00
1.414141414141414188e+01 5.100000000000000366e-03 9.130000000000000615e-02 0.000000000000000000e+00 4.799999999999999580e-03 2.452999999999999903e-01 0.000000000000000000e+00
1.434343434343434254e+01 5.100000000000000366e-03 9.130000000000000615e-02 0.000000000000000000e+00 4.799999999999999580e-03 2.452999999999999903e-01 0.000000000000000000e+00
1.454545454545454497e+01 5.100000000000000366e-03 9.130000000000000615e-02 0.000000000000000000e+00 4.799999999999999580e-03 2.452999999999999903e-01 0.000000000000000000e+00
1.474747474747474740e+01 5.100000000000000366e-03 9.130000000000000615e-02 0.000000000000000000e+00 4.799999999999999580e-03 2.452999999999999903e-01 0.000000000000000000e+00
1.494949494949494984e+01 5.100000000000000366e-03 9.130000000000000615e-02 0.000000000000000000e+00 4.799999999999999580e-03 2.452999999999999903e-01 0.000000000000000000e+00
1.515151515151515049e+01 5.100000000000000366e-03 9.130000000000000615e-02 0.000000000000000000e+00 4.799999999999999580e-03 1.754000000000000004e-01 0.000000000000000000e+00
1.535353535353535293e+01 5.100000000000000366e-03 9.130000000000000615e-02 0.000000000000000000e+00 4.799999999999999580e-03 1.754000000000000004e-01 0.000000000000000000e+00
1.555555555555555536e+01 5.100000000000000366e-03 9.130000000000000615e-02 0.000000000000000000e+00 4.799999999999999580e-03 1.754000000000000004e-01 0.000000000000000000e+00
1.575757575757575779e+01 5.100000000000000366e-03 9.130000000000000615e-02 0.000000000000000000e+00 4.799999999999999580e-03 1.754000000000000004e-01 0.000000000000000000e+00
1.595959595959595845e+01 5.100000000000000366e-03 9.130000000000000615e-02 0.000000000000000000e+00 4.799999999999999580e-03 1.754000000000000004e-01 0.000000000000000000e+00
1.616161616161616266e+01 3.850000000000000124e-03 7.094999999999999918e-02 0.000000000000000000e+00 3.249999999999999851e-03 1.295000000000000040e-01 0.000000000000000000e+00
1.636363636363636331e+01 3.850000000000000124e-03 7.094999999999999918e-02 0.000000000000000000e+00 3.249999999999999851e-03 1.295000000000000040e-01 0.000000000000000000e+00
1.656565656565656397e+01 3.850000000000000124e-03 7.094999999999999918e-02 0.000000000000000000e+00 3.249999999999999851e-03 1.295000000000000040e-01 0.000000000000000000e+00
1.676767676767676818e+01 3.850000000000000124e-03 7.094999999999999918e-02 0.000000000000000000e+00 3.249999999999999851e-03 1.295000000000000040e-01 0.000000000000000000e+00
1.696969696969696884e+01 3.850000000000000124e-03 7.094999999999999918e-02 0.000000000000000000e+00 3.249999999999999851e-03 1.295000000000000040e-01 0.000000000000000000e+00
1.717171717171717304e+01 3.850000000000000124e-03 7.094999999999999918e-02 0.000000000000000000e+00 3.249999999999999851e-03 9.660000000000000531e-02 0.000000000000000000e+00
1.737373737373737370e+01 3.850000000000000124e-03 7.094999999999999918e-02 0.000000000000000000e+00 3.249999999999999851e-03 9.660000000000000531e-02 0.000000000000000000e+00
1.757575757575757436e+01 3.850000000000000124e-03 7.094999999999999918e-02 0.000000000000000000e+00 3.249999999999999851e-03 9.660000000000000531e-02 0.000000000000000000e+00
1.777777777777777857e+01 3.850000000000000124e-03 7.094999999999999918e-02 0.000000000000000000e+00 3.249999999999999851e-03 9.660000000000000531e-02 0.000000000000000000e+00
1.797979797979797922e+01 3.850000000000000124e-03 7.094999999999999918e-02 0.000000000000000000e+00 3.249999999999999851e-03 9.660000000000000531e-02 0.000000000000000000e+00
1.818181818181817988e+01 2.650000000000000012e-03 5.609999999999999709e-02 0.000000000000000000e+00 1.949999999999999910e-03 7.389999999999999347e-02 0.000000000000000000e+00
1.838383838383838409e+01 2.650000000000000012e-03 5.609999999999999709e-02 0.000000000000000000e+00 1.949999999999999910e-03 7.389999999999999347e-02 0.000000000000000000e+00
1.858585858585858475e+01 2.650000000000000012e-03 5.609999999999999709e-02 0.000000000000000000e+00 1.949999999999999910e-03 7.389999999999999347e-02 0.000000000000000000e+00
1.878787878787878896e+01 2.650000000000000012e-03 5.609999999999999709e-02 0.000000000000000000e+00 1.949999999999999910e-03 7.389999999999999347e-02 0.000000000000000000e+00
1.898989898989898961e+01 2.650000000000000012e-03 5.609999999999999709e-02 0.000000000000000000e+00 1.949999999999999910e-03 7.389999999999999347e-02 0.000000000000000000e+00
1.919191919191919027e+01 0.000000000000000000e+00 0.000000000000000000e+00 0.000000000000000000e+00 0.000000000000000000e+00 5.829999999999999766e-02 0.000000000000000000e+00
1.939393939393939448e+01 0.000000000000000000e+00 0.000000000000000000e+00 0.000000000000000000e+00 0.000000000000000000e+00 5.829999999999999766e-02 0.000000000000000000e+00
1.959595959595959513e+01 0.000000000000000000e+00 0.000000000000000000e+00 0.000000000000000000e+00 0.000000000000000000e+00 0.000000000000000000e+00 0.000000000000000000e+00
1.979797979797979934e+01 0.000000000000000000e+00 0.000000000000000000e+00 0.000000000000000000e+00 0.000000000000000000e+00 0.000000000000000000e+00 0.000000000000000000e+00
2.000000000000000000e+01 0.000000000000000000e+00 0.000000000000000000e+00 0.000000000000000000e+00 0.000000000000000000e+00 0.000000000000000000e+00 0.000000000000000000e+00
