#  Enu(GeV) nue numu nutau nuebar numubar nutaubar (all fluxes in nus/cm^2/POT/GeV)
1.250000000000000000e-01 8.634606519999999465e-11 4.224906120000000131e-09 0.000000000000000000e+00 2.522570320000000088e-11 2.042996680000000179e-09 0.000000000000000000e+00
3.750000000000000000e-01 1.977506208000000374e-10 8.134400040000001370e-09 0.000000000000000000e+00 2.916515879999999819e-11 1.501096440000000185e-09 0.000000000000000000e+00
6.250000000000000000e-01 2.512257892000000068e-10 1.476620799999999980e-08 0.000000000000000000e+00 2.745253800000000094e-11 1.482319079999999940e-09 0.000000000000000000e+00
8.750000000000000000e-01 2.686843880000000222e-10 2.088481320000000141e-08 0.000000000000000000e+00 2.920370992000000513e-11 1.494162960000000093e-09 0.000000000000000000e+00
1.125000000000000000e+00 2.740658544000000012e-10 2.635870560000000342e-08 0.000000000000000000e+00 2.543675208000000128e-11 1.744816279999999950e-09 0.000000000000000000e+00
1.375000000000000000e+00 2.461278976000000343e-10 2.889176599999999976e-08 0.000000000000000000e+00 2.499682184000000028e-11 1.808396680000000183e-09 0.000000000000000000e+00
1.625000000000000000e+00 2.323894900000000141e-10 3.142690200000000261e-08 0.000000000000000000e+00 2.599210564000000144e-11 1.744769760000000134e-09 0.000000000000000000e+00
1.875000000000000000e+00 2.125518272000000003e-10 3.505395840000000404e-08 0.000000000000000000e+00 2.518459312000000179e-11 1.591288188000000109e-09 0.000000000000000000e+00
2.125000000000000000e+00 1.837917792000000119e-10 3.636156120000000401e-08 0.000000000000000000e+00 2.512884899999999933e-11 1.413952312000000107e-09 0.000000000000000000e+00
2.375000000000000000e+00 1.990386724000000140e-10 3.627848240000000389e-08 0.000000000000000000e+00 2.809143272000000253e-11 1.294651176000000184e-09 0.000000000000000000e+00
2.625000000000000000e+00 1.656277964000000083e-10 3.488705120000000307e-08 0.000000000000000000e+00 2.317912376000000052e-11 1.111406519999999998e-09 0.000000000000000000e+00
2.875000000000000000e+00 1.516251940000000020e-10 3.123783879999999977e-08 0.000000000000000000e+00 2.299328248000000162e-11 1.080949448000000224e-09 0.000000000000000000e+00
3.125000000000000000e+00 1.200419520000000216e-10 2.682186160000000243e-08 0.000000000000000000e+00 2.124778520000000195e-11 1.018396271999999935e-09 0.000000000000000000e+00
3.375000000000000000e+00 1.211715163999999901e-10 2.194768240000000371e-08 0.000000000000000000e+00 2.111005047999999941e-11 9.561731760000001455e-10 0.000000000000000000e+00
3.625000000000000000e+00 1.145306563999999953e-10 1.641113400000000352e-08 0.000000000000000000e+00 1.977430692000000079e-11 9.260873800000000686e-10 0.000000000000000000e+00
3.875000000000000000e+00 1.067723788000000129e-10 1.124784672000000130e-08 0.000000000000000000e+00 2.018942629200000209e-11 8.262409439999999582e-10 0.000000000000000000e+00
4.125000000000000000e+00 8.978577400000001061e-11 6.826199840000001213e-09 0.000000000000000000e+00 1.979119392000000061e-11 7.582818240000000102e-10 0.000000000000000000e+00
4.375000000000000000e+00 7.957660720000000417e-11 3.881953480000000841e-09 0.000000000000000000e+00 2.110099113199999936e-11 6.402183999999999944e-10 0.000000000000000000e+00
4.625000000000000000e+00 6.999373440000000584e-11 2.156236120000000077e-09 0.000000000000000000e+00 2.035882204000000178e-11 5.497511440000000803e-10 0.000000000000000000e+00
4.875000000000000000e+00 6.903788816000000506e-11 1.336335108000000003e-09 0.000000000000000000e+00 1.813180555999999960e-11 5.064131720000000596e-10 0.000000000000000000e+00
5.125000000000000000e+00 6.457898216000000006e-11 1.007185064000000008e-09 0.000000000000000000e+00 1.863612487999999939e-11 4.329194588000000522e-10 0.000000000000000000e+00
5.375000000000000000e+00 5.738588292000000572e-11 8.482007320000000630e-10 0.000000000000000000e+00 1.640160192000000279e-11 3.951458551999999858e-10 0.000000000000000000e+00
5.625000000000000000e+00 5.060021120000000405e-11 7.296626959999999961e-10 0.000000000000000000e+00 1.788436072000000011e-11 3.471629043999999768e-10 0.000000000000000000e+00
5.875000000000000000e+00 5.584771144000000210e-11 6.840838240000000147e-10 0.000000000000000000e+00 1.645454019999999919e-11 2.981076436000000406e-10 0.000000000000000000e+00
6.125000000000000000e+00 5.150890387999999639e-11 6.141978279999999701e-10 0.000000000000000000e+00 1.685763180000000016e-11 2.880948768000000078e-10 0.000000000000000000e+00
6.375000000000000000e+00 4.209459715999999923e-11 5.842039480000000394e-10 0.000000000000000000e+00 1.573865868000000060e-11 2.587286356000000214e-10 0.000000000000000000e+00
6.625000000000000000e+00 4.561487008000000219e-11 5.697725360000000558e-10 0.000000000000000000e+00 1.627840351999999955e-11 2.532023068000000153e-10 0.000000000000000000e+00
6.875000000000000000e+00 3.847142292000000070e-11 5.252801879999999996e-10 0.000000000000000000e+00 1.427228524000000077e-11 1.848172963999999916e-10 0.000000000000000000e+00
7.125000000000000000e+00 3.582882024000000329e-11 5.111265800000000388e-10 0.000000000000000000e+00 1.384900796000000150e-11 1.939001843999999875e-10 0.000000000000000000e+00
7.375000000000000000e+00 3.305462360000000487e-11 4.638374760000000401e-10 0.000000000000000000e+00 1.622192539999999989e-11 1.849056056000000073e-10 0.000000000000000000e+00
7.625000000000000000e+00 3.225297068000000472e-11 4.605727720000000676e-10 0.000000000000000000e+00 1.382088619999999992e-11 1.666705632799999910e-10 0.000000000000000000e+00
7.875000000000000000e+00 3.135729032000000435e-11 4.479039080000000320e-10 0.000000000000000000e+00 1.366066940000000146e-11 1.523713816000000088e-10 0.000000000000000000e+00
8.125000000000000000e+00 2.822790064000000080e-11 4.455744879999999985e-10 0.000000000000000000e+00 1.179586780000000146e-11 1.330364914799999950e-10 0.000000000000000000e+00
8.375000000000000000e+00 3.045092652000000318e-11 4.211131360000000077e-10 0.000000000000000000e+00 1.357517284000000217e-11 1.435956083600000127e-10 0.000000000000000000e+00
8.625000000000000000e+00 2.938519219999999836e-11 4.188098399999999844e-10 0.000000000000000000e+00 1.054470459999999992e-11 1.241366708000000013e-10 0.000000000000000000e+00
8.875000000000000000e+00 2.479171520000000057e-11 4.152579679999999862e-10 0.000000000000000000e+00 1.108482244000000094e-11 1.325410666400000024e-10 0.000000000000000000e+00
9.125000000000000000e+00 2.432937604000000195e-11 3.827993600000000044e-10 0.000000000000000000e+00 1.167936624000000153e-11 1.091536474000000109e-10 0.000000000000000000e+00
9.375000000000000000e+00 2.199854808000000095e-11 3.941740040000000569e-10 0.000000000000000000e+00 1.063177739999999987e-11 9.840972819999999104e-11 0.000000000000000000e+00
9.625000000000000000e+00 2.214837076000000018e-11 3.686577800000000334e-10 0.000000000000000000e+00 1.002334780000000004e-11 9.700348580000001644e-11 0.000000000000000000e+00
9.875000000000000000e+00 2.002439268000000226e-11 3.822745360000000483e-10 0.000000000000000000e+00 9.967085039999999977e-12 9.982051935999999491e-11 0.000000000000000000e+00
1.012500000000000000e+01 1.964312540000000071e-11 3.665082160000000134e-10 0.000000000000000000e+00 9.105657120000001121e-12 9.177207796000000866e-11 0.000000000000000000e+00
1.037500000000000000e+01 1.875683324000000114e-11 3.540054720000000235e-10 0.000000000000000000e+00 7.916937520000000738e-12 8.196558624000000574e-11 0.000000000000000000e+00
1.062500000000000000e+01 1.693088872000000181e-11 3.510944920000000076e-10 0.000000000000000000e+00 8.387127120000001355e-12 8.247088364000000533e-11 0.000000000000000000e+00
1.087500000000000000e+01 1.542706024000000319e-11 3.376965880000000023e-10 0.000000000000000000e+00 8.105035200000000021e-12 9.293591668000000326e-11 0.000000000000000000e+00
1.112500000000000000e+01 1.496768412000000122e-11 3.316042760000000360e-10 0.000000000000000000e+00 7.022896200000000123e-12 7.508903128000000298e-11 0.000000000000000000e+00
1.137500000000000000e+01 1.432767044000000187e-11 3.080006279999999969e-10 0.000000000000000000e+00 7.126897120000001180e-12 6.845098227999999591e-11 0.000000000000000000e+00
1.162500000000000000e+01 1.254499991999999967e-11 3.107850280000000188e-10 0.000000000000000000e+00 6.706978519999999472e-12 8.289200808000000390e-11 0.000000000000000000e+00
1.187500000000000000e+01 1.322662051999999929e-11 3.013211480000000161e-10 0.000000000000000000e+00 6.401975479999999804e-12 6.321203884000000664e-11 0.000000000000000000e+00
1.212500000000000000e+01 1.106179460000000050e-11 3.010249440000000216e-10 0.000000000000000000e+00 5.997709640000000819e-12 6.859736432000000714e-11 0.000000000000000000e+00
1.237500000000000000e+01 1.069368408000000030e-11 2.994663360000000054e-10 0.000000000000000000e+00 6.143291400000000171e-12 5.512516735999999802e-11 0.000000000000000000e+00
1.262500000000000000e+01 1.070234824000000126e-11 2.860078639999999848e-10 0.000000000000000000e+00 6.241527160000000019e-12 5.819568620000000103e-11 0.000000000000000000e+00
1.287500000000000000e+01 9.455498280000000308e-12 2.852982320000000001e-10 0.000000000000000000e+00 4.882215640000000807e-12 6.087134688000000483e-11 0.000000000000000000e+00
1.312500000000000000e+01 9.690652439999999824e-12 2.692330928000000378e-10 0.000000000000000000e+00 5.002734280000000320e-12 5.435454296000000497e-11 0.000000000000000000e+00
1.337500000000000000e+01 8.750575200000001328e-12 2.729208355999999778e-10 0.000000000000000000e+00 4.906827239999999946e-12 7.085318536000000440e-11 0.000000000000000000e+00
1.362500000000000000e+01 9.418895880000001280e-12 2.407164367999999821e-10 0.000000000000000000e+00 4.592187280000000333e-12 6.376492276000000741e-11 0.000000000000000000e+00
1.387500000000000000e+01 8.154956720000000105e-12 2.437665520000000019e-10 0.000000000000000000e+00 4.129676720000000519e-12 4.971765947999999431e-11 0.000000000000000000e+00
1.412500000000000000e+01 7.790896840000000774e-12 2.328792959999999826e-10 0.000000000000000000e+00 4.008314920000000086e-12 4.725648536000000176e-11 0.000000000000000000e+00
1.437500000000000000e+01 7.866761039999999202e-12 2.182009556000000023e-10 0.000000000000000000e+00 4.156708399999999850e-12 4.712907648000000362e-11 0.000000000000000000e+00
1.462500000000000000e+01 6.422378280000000001e-12 1.990796899999999882e-10 0.000000000000000000e+00 3.921149599999999878e-12 4.919683104000000668e-11 0.000000000000000000e+00
1.487500000000000000e+01 7.001508440000000353e-12 1.893058800000000161e-10 0.000000000000000000e+00 3.643464480000000311e-12 4.739368228000000081e-11 0.000000000000000000e+00
1.512500000000000000e+01 5.910405720000000574e-12 1.737212232000000039e-10 0.000000000000000000e+00 3.493451960000000226e-12 3.624560908000000000e-11 0.000000000000000000e+00
1.537500000000000000e+01 5.233668840000000313e-12 1.632167012000000017e-10 0.000000000000000000e+00 3.507479120000000375e-12 3.275505724000000032e-11 0.000000000000000000e+00
1.562500000000000000e+01 4.897421960000000755e-12 1.487123016000000065e-10 0.000000000000000000e+00 2.803186040000000353e-12 3.379037444000000201e-11 0.000000000000000000e+00
1.587500000000000000e+01 5.175441560000000182e-12 1.485993416000000167e-10 0.000000000000000000e+00 3.593332480000000056e-12 3.550905776000000218e-11 0.000000000000000000e+00
1.612500000000000000e+01 4.980678080000000485e-12 1.207713068000000049e-10 0.000000000000000000e+00 3.122389720000000390e-12 2.968738219999999750e-11 0.000000000000000000e+00
1.637500000000000000e+01 3.848230239999999706e-12 1.139121568000000018e-10 0.000000000000000000e+00 2.109812599999999758e-12 2.586660796000000151e-11 0.000000000000000000e+00
1.662500000000000000e+01 4.150937640000000255e-12 1.137393579999999909e-10 0.000000000000000000e+00 2.950149159999999904e-12 4.158879539999999801e-11 0.000000000000000000e+00
1.687500000000000000e+01 4.135715720000000187e-12 1.181225672000000101e-10 0.000000000000000000e+00 2.310105919999999966e-12 3.726700744000000082e-11 0.000000000000000000e+00
1.712500000000000000e+01 3.931175200000000275e-12 9.786682560000000970e-11 0.000000000000000000e+00 2.377488279999999855e-12 2.918287427999999870e-11 0.000000000000000000e+00
1.737500000000000000e+01 3.053259160000000260e-12 9.077575720000000215e-11 0.000000000000000000e+00 2.530075120000000232e-12 2.849889176000000307e-11 0.000000000000000000e+00
1.762500000000000000e+01 4.582256360000000307e-12 9.254125424000000328e-11 0.000000000000000000e+00 2.631901760000000414e-12 3.863476096000000312e-11 0.000000000000000000e+00
1.787500000000000000e+01 3.239589200000000278e-12 7.580568632000001447e-11 0.000000000000000000e+00 2.199239879999999999e-12 2.464331124000000218e-11 0.000000000000000000e+00
1.812500000000000000e+01 3.299587840000000368e-12 7.861828544000000641e-11 0.000000000000000000e+00 1.985458240000000018e-12 2.542481235999999840e-11 0.000000000000000000e+00
1.837500000000000000e+01 2.486021360000000405e-12 7.540400484000000292e-11 0.000000000000000000e+00 2.172995760000000188e-12 2.538750740000000449e-11 0.000000000000000000e+00
1.862500000000000000e+01 3.337634320000000016e-12 7.289038068000001018e-11 0.000000000000000000e+00 2.667931959999999922e-12 3.194031636000000460e-11 0.000000000000000000e+00
1.887500000000000000e+01 2.443082480000000186e-12 7.130618440000000476e-11 0.000000000000000000e+00 1.911693560000000021e-12 1.938444031999999888e-11 0.000000000000000000e+00
1.912500000000000000e+01 2.863817440000000268e-12 6.259379940000000301e-11 0.000000000000000000e+00 1.815988280000000077e-12 2.270013360000000261e-11 0.000000000000000000e+00
1.937500000000000000e+01 3.176436440000000433e-12 6.180245343999999571e-11 0.000000000000000000e+00 1.544984800000000091e-12 2.582219704000000464e-11 0.000000000000000000e+00
1.962500000000000000e+01 2.389993200000000229e-12 6.168205803999999819e-11 0.000000000000000000e+00 1.759366200000000032e-12 2.735691084000000202e-11 0.000000000000000000e+00
1.987500000000000000e+01 2.606174800000000339e-12 5.863266351999999765e-11 0.000000000000000000e+00 1.591399919999999978e-12 2.681054312000000497e-11 0.000000000000000000e+00
2.012500000000000000e+01 1.690975600000000015e-12 6.699077199999999925e-11 0.000000000000000000e+00 1.400541200000000095e-12 1.449971960000000132e-11 0.000000000000000000e+00
2.037500000000000000e+01 1.973349999999999866e-12 6.112938135999999944e-11 0.000000000000000000e+00 1.033872800000000118e-12 1.963490268000000126e-11 0.000000000000000000e+00
2.062500000000000000e+01 2.743769599999999901e-12 5.257100844000000485e-11 0.000000000000000000e+00 7.989541600000001027e-13 1.766145120000000113e-11 0.000000000000000000e+00
2.087500000000000000e+01 2.021682400000000098e-12 6.523034416000000340e-11 0.000000000000000000e+00 1.124395600000000020e-12 1.966126604000000237e-11 0.000000000000000000e+00
2.112500000000000000e+01 1.940314000000000127e-12 4.974319576000000523e-11 0.000000000000000000e+00 1.238478000000000047e-12 1.390091235999999981e-11 0.000000000000000000e+00
2.137500000000000000e+01 1.440861200000000068e-12 5.719695572000000321e-11 0.000000000000000000e+00 1.095427200000000109e-12 1.192101168000000072e-11 0.000000000000000000e+00
2.162500000000000000e+01 2.003730800000000447e-12 5.300292620000000044e-11 0.000000000000000000e+00 9.910320000000000124e-13 2.011742996000000151e-11 0.000000000000000000e+00
2.187500000000000000e+01 1.921408000000000046e-12 5.707821620000000256e-11 0.000000000000000000e+00 7.477168000000000396e-13 1.144259040000000065e-11 0.000000000000000000e+00
2.212500000000000000e+01 1.182178400000000205e-12 4.857464344000000383e-11 0.000000000000000000e+00 1.087805200000000043e-12 1.106743275999999948e-11 0.000000000000000000e+00
2.237500000000000000e+01 1.332127200000000100e-12 5.339324047999999647e-11 0.000000000000000000e+00 1.806561200000000015e-12 2.156780964000000048e-11 0.000000000000000000e+00
2.262500000000000000e+01 1.908842400000000348e-12 4.126888563999999847e-11 0.000000000000000000e+00 9.384227999999999543e-13 1.112134695999999960e-11 0.000000000000000000e+00
2.287500000000000000e+01 1.631209200000000016e-12 4.320317224000000442e-11 0.000000000000000000e+00 5.336284000000000045e-13 1.218582031999999900e-11 0.000000000000000000e+00
2.312500000000000000e+01 1.473963999999999999e-12 3.574880904000000201e-11 0.000000000000000000e+00 7.299087999999999806e-13 1.619612028000000309e-11 0.000000000000000000e+00
2.337500000000000000e+01 9.618183999999999197e-13 3.858086823999999988e-11 0.000000000000000000e+00 6.160492000000000282e-13 1.131037332000000087e-11 0.000000000000000000e+00
2.362500000000000000e+01 1.136396400000000027e-12 3.767250956000000002e-11 0.000000000000000000e+00 4.777524000000000313e-13 1.428409148000000026e-11 0.000000000000000000e+00
2.387500000000000000e+01 1.957236399999999788e-12 3.648020760000000317e-11 0.000000000000000000e+00 9.167927999999999747e-13 1.458122072000000254e-11 0.000000000000000000e+00
2.412500000000000000e+01 6.440364000000000930e-13 3.195345319999999995e-11 0.000000000000000000e+00 2.257715999999999959e-13 9.398107600000000864e-12 0.000000000000000000e+00
2.437500000000000000e+01 1.151782399999999937e-12 3.795371279999999984e-11 0.000000000000000000e+00 3.909668000000000199e-13 1.194889440000000132e-11 0.000000000000000000e+00
2.462500000000000000e+01 9.979439999999999733e-13 2.920376320000000099e-11 0.000000000000000000e+00 1.765196000000000105e-13 1.408788760000000029e-11 0.000000000000000000e+00
2.487500000000000000e+01 1.777638399999999972e-12 2.817402960000000104e-11 0.000000000000000000e+00 5.981224000000000526e-13 1.026552080000000133e-11 0.000000000000000000e+00
2.512500000000000000e+01 1.162278800000000086e-12 3.468638240000000408e-11 0.000000000000000000e+00 4.586076000000000299e-13 1.234409679999999924e-11 0.000000000000000000e+00
2.537500000000000000e+01 1.115388000000000013e-12 3.049543840000000146e-11 0.000000000000000000e+00 4.419412000000000698e-13 9.059482400000000664e-12 0.000000000000000000e+00
2.562500000000000000e+01 3.240844000000000342e-13 3.233652880000000107e-11 0.000000000000000000e+00 9.140039999999999796e-14 8.807009600000000630e-12 0.000000000000000000e+00
2.587500000000000000e+01 1.021621200000000130e-12 2.973959839999999970e-11 0.000000000000000000e+00 3.888336000000000285e-13 2.406639720000000174e-11 0.000000000000000000e+00
2.612500000000000000e+01 1.012969600000000046e-12 2.709604359999999938e-11 0.000000000000000000e+00 0.000000000000000000e+00 7.331215999999999647e-12 0.000000000000000000e+00
2.637500000000000000e+01 5.507092000000000259e-13 2.580154759999999907e-11 0.000000000000000000e+00 5.482556000000000131e-13 8.102575200000000050e-12 0.000000000000000000e+00
2.662500000000000000e+01 9.114667999999999225e-13 2.751234560000000069e-11 0.000000000000000000e+00 9.914396000000000359e-13 1.248875240000000065e-11 0.000000000000000000e+00
2.687500000000000000e+01 1.356071600000000011e-12 2.162635960000000255e-11 0.000000000000000000e+00 5.619783999999999796e-13 6.734999200000000224e-12 0.000000000000000000e+00
2.712500000000000000e+01 1.676662800000000250e-12 2.174847360000000018e-11 0.000000000000000000e+00 4.971628000000000755e-13 8.031320800000000212e-12 0.000000000000000000e+00
2.737500000000000000e+01 2.084212000000000207e-13 2.323134960000000054e-11 0.000000000000000000e+00 1.230415999999999884e-13 6.603187600000000895e-12 0.000000000000000000e+00
2.762500000000000000e+01 7.742919999999999686e-13 2.400825560000000405e-11 0.000000000000000000e+00 7.702952000000001164e-13 5.615014400000000846e-12 0.000000000000000000e+00
2.787500000000000000e+01 1.167218800000000063e-12 2.214323959999999984e-11 0.000000000000000000e+00 2.920392000000000285e-13 6.519781200000001009e-12 0.000000000000000000e+00
2.812500000000000000e+01 7.614588000000000835e-13 2.173476040000000041e-11 0.000000000000000000e+00 2.592252000000000030e-13 5.313447999999999797e-12 0.000000000000000000e+00
2.837500000000000000e+01 9.584444000000000191e-13 2.083291720000000126e-11 0.000000000000000000e+00 1.131648000000000137e-13 7.646235599999999017e-12 0.000000000000000000e+00
2.862500000000000000e+01 6.746416000000000563e-13 1.978499120000000079e-11 0.000000000000000000e+00 8.960560000000000595e-14 5.715592000000000633e-12 0.000000000000000000e+00
2.887500000000000000e+01 2.645152000000000238e-13 1.824870200000000194e-11 0.000000000000000000e+00 3.314556000000000180e-13 1.264938440000000129e-11 0.000000000000000000e+00
2.912500000000000000e+01 1.570603999999999928e-13 1.802834440000000203e-11 0.000000000000000000e+00 2.932191999999999791e-13 6.823983999999999653e-12 0.000000000000000000e+00
2.937500000000000000e+01 3.622096000000000503e-13 1.775102799999999899e-11 0.000000000000000000e+00 6.556316000000000192e-13 5.566990800000000351e-12 0.000000000000000000e+00
2.962500000000000000e+01 2.596392000000000353e-13 3.055227600000000249e-11 0.000000000000000000e+00 1.447572000000000054e-13 5.058764400000000666e-12 0.000000000000000000e+00
2.987500000000000000e+01 2.972035999999999939e-13 1.829038119999999934e-11 0.000000000000000000e+00 1.303524000000000172e-13 4.581746800000000516e-12 0.000000000000000000e+00
3.012500000000000000e+01 5.665219999999999361e-13 1.580530200000000046e-11 0.000000000000000000e+00 0.000000000000000000e+00 4.520813600000000462e-12 0.000000000000000000e+00
3.037500000000000000e+01 0.000000000000000000e+00 1.358977200000000091e-11 0.000000000000000000e+00 2.729552000000000363e-13 4.079133600000000268e-12 0.000000000000000000e+00
3.062500000000000000e+01 5.001111999999999622e-13 1.594635840000000182e-11 0.000000000000000000e+00 1.096167999999999995e-13 5.008217600000000068e-12 0.000000000000000000e+00
3.087500000000000000e+01 3.142340000000000523e-13 1.361766000000000036e-11 0.000000000000000000e+00 2.645376000000000299e-13 5.383887200000000800e-12 0.000000000000000000e+00
3.112500000000000000e+01 2.983164000000000273e-13 1.255331880000000099e-11 0.000000000000000000e+00 0.000000000000000000e+00 5.413654000000000754e-12 0.000000000000000000e+00
3.137500000000000000e+01 2.697420000000000132e-13 1.332061680000000122e-11 0.000000000000000000e+00 4.791008000000000056e-13 1.274370759999999905e-11 0.000000000000000000e+00
3.162500000000000000e+01 3.693820000000000309e-13 1.267490840000000126e-11 0.000000000000000000e+00 5.237032000000000095e-13 3.568451600000000324e-12 0.000000000000000000e+00
3.187500000000000000e+01 4.885864000000000839e-13 1.087409120000000167e-11 0.000000000000000000e+00 1.020104000000000154e-13 3.525163200000000127e-12 0.000000000000000000e+00
3.212500000000000000e+01 1.081494399999999985e-12 1.856312280000000138e-11 0.000000000000000000e+00 1.500124000000000061e-13 3.558091200000000125e-12 0.000000000000000000e+00
3.237500000000000000e+01 3.156784000000000092e-13 1.189687120000000067e-11 0.000000000000000000e+00 0.000000000000000000e+00 4.250502800000000115e-12 0.000000000000000000e+00
3.262500000000000000e+01 1.600688000000000076e-13 1.026954199999999942e-11 0.000000000000000000e+00 4.666319999999999447e-13 3.961512800000000152e-12 0.000000000000000000e+00
3.287500000000000000e+01 5.473919999999999964e-13 1.219192999999999973e-11 0.000000000000000000e+00 2.355084000000000085e-13 2.855510400000000046e-12 0.000000000000000000e+00
3.312500000000000000e+01 1.292780000000000122e-13 1.032419040000000009e-11 0.000000000000000000e+00 1.852872000000000104e-13 3.790740399999999889e-12 0.000000000000000000e+00
3.337500000000000000e+01 1.417648000000000130e-13 9.086975600000000004e-12 0.000000000000000000e+00 0.000000000000000000e+00 4.459649999999999885e-12 0.000000000000000000e+00
3.362500000000000000e+01 9.763399999999999575e-14 1.188253920000000072e-11 0.000000000000000000e+00 2.239247999999999881e-13 2.801384800000000271e-12 0.000000000000000000e+00
3.387500000000000000e+01 0.000000000000000000e+00 1.093349520000000108e-11 0.000000000000000000e+00 0.000000000000000000e+00 2.389753200000000222e-12 0.000000000000000000e+00
3.412500000000000000e+01 4.268760000000000079e-13 1.193117200000000069e-11 0.000000000000000000e+00 1.350559999999999952e-13 3.287080400000000397e-12 0.000000000000000000e+00
3.437500000000000000e+01 1.511084000000000097e-13 9.660098800000000928e-12 0.000000000000000000e+00 0.000000000000000000e+00 3.687066000000000074e-12 0.000000000000000000e+00
3.462500000000000000e+01 0.000000000000000000e+00 1.122014600000000133e-11 0.000000000000000000e+00 0.000000000000000000e+00 2.591440000000000113e-12 0.000000000000000000e+00
3.487500000000000000e+01 5.259288000000000763e-13 1.221686640000000138e-11 0.000000000000000000e+00 2.465887999999999761e-13 1.083720000000000152e-12 0.000000000000000000e+00
3.512500000000000000e+01 4.016040000000000122e-13 8.507500000000001059e-12 0.000000000000000000e+00 0.000000000000000000e+00 2.129191599999999851e-12 0.000000000000000000e+00
3.537500000000000000e+01 0.000000000000000000e+00 9.545972800000000370e-12 0.000000000000000000e+00 4.023191999999999888e-13 3.259317200000000292e-12 0.000000000000000000e+00
3.562500000000000000e+01 6.425804000000001040e-13 8.322243199999999312e-12 0.000000000000000000e+00 1.762060000000000016e-13 2.913618800000000376e-12 0.000000000000000000e+00
3.587500000000000000e+01 8.477756000000000333e-13 8.167816400000000574e-12 0.000000000000000000e+00 0.000000000000000000e+00 1.745073999999999840e-12 0.000000000000000000e+00
3.612500000000000000e+01 1.828296000000000109e-13 6.528872400000000808e-12 0.000000000000000000e+00 1.404096000000000008e-13 1.272922399999999964e-12 0.000000000000000000e+00
3.637500000000000000e+01 0.000000000000000000e+00 7.015496800000000319e-12 0.000000000000000000e+00 0.000000000000000000e+00 1.802602800000000216e-12 0.000000000000000000e+00
3.662500000000000000e+01 0.000000000000000000e+00 8.435187999999999782e-12 0.000000000000000000e+00 0.000000000000000000e+00 2.031377200000000175e-12 0.000000000000000000e+00
3.687500000000000000e+01 0.000000000000000000e+00 7.874420000000001499e-12 0.000000000000000000e+00 0.000000000000000000e+00 2.595195599999999973e-12 0.000000000000000000e+00
3.712500000000000000e+01 0.000000000000000000e+00 9.879856400000000214e-12 0.000000000000000000e+00 0.000000000000000000e+00 9.250420000000000079e-13 0.000000000000000000e+00
3.737500000000000000e+01 0.000000000000000000e+00 8.296696799999999343e-12 0.000000000000000000e+00 0.000000000000000000e+00 1.770934400000000124e-12 0.000000000000000000e+00
3.762500000000000000e+01 2.472928000000000002e-13 7.108670000000000647e-12 0.000000000000000000e+00 0.000000000000000000e+00 2.030709999999999937e-12 0.000000000000000000e+00
3.787500000000000000e+01 0.000000000000000000e+00 6.852438000000000291e-12 0.000000000000000000e+00 0.000000000000000000e+00 1.372756000000000012e-12 0.000000000000000000e+00
3.812500000000000000e+01 0.000000000000000000e+00 6.875239600000000673e-12 0.000000000000000000e+00 0.000000000000000000e+00 9.099964000000001028e-13 0.000000000000000000e+00
3.837500000000000000e+01 0.000000000000000000e+00 6.390845200000000840e-12 0.000000000000000000e+00 0.000000000000000000e+00 1.569236000000000201e-12 0.000000000000000000e+00
3.862500000000000000e+01 0.000000000000000000e+00 2.063767159999999936e-11 0.000000000000000000e+00 3.234448000000000275e-13 1.741178400000000145e-12 0.000000000000000000e+00
3.887500000000000000e+01 3.827172000000000588e-13 5.533765600000000042e-12 0.000000000000000000e+00 0.000000000000000000e+00 1.883216400000000070e-12 0.000000000000000000e+00
3.912500000000000000e+01 0.000000000000000000e+00 7.467805999999999573e-12 0.000000000000000000e+00 0.000000000000000000e+00 2.290011599999999968e-12 0.000000000000000000e+00
3.937500000000000000e+01 0.000000000000000000e+00 8.607163999999999331e-12 0.000000000000000000e+00 0.000000000000000000e+00 1.012652800000000134e-12 0.000000000000000000e+00
3.962500000000000000e+01 0.000000000000000000e+00 7.215175599999999842e-12 0.000000000000000000e+00 0.000000000000000000e+00 1.334427600000000028e-12 0.000000000000000000e+00
3.987500000000000000e+01 0.000000000000000000e+00 6.443379999999999551e-12 0.000000000000000000e+00 0.000000000000000000e+00 9.748724000000000376e-13 0.000000000000000000e+00
4.012500000000000000e+01 0.000000000000000000e+00 7.204732000000001293e-12 0.000000000000000000e+00 0.000000000000000000e+00 2.353767199999999975e-12 0.000000000000000000e+00
4.037500000000000000e+01 5.653439999999999789e-13 4.270311599999999921e-12 0.000000000000000000e+00 0.000000000000000000e+00 1.129521199999999903e-12 0.000000000000000000e+00
4.062500000000000000e+01 0.000000000000000000e+00 4.984513200000000366e-12 0.000000000000000000e+00 0.000000000000000000e+00 1.600991599999999941e-12 0.000000000000000000e+00
4.087500000000000000e+01 2.693783999999999945e-13 5.112611600000000078e-12 0.000000000000000000e+00 0.000000000000000000e+00 9.427527999999999974e-13 0.000000000000000000e+00
4.112500000000000000e+01 0.000000000000000000e+00 3.840804799999999895e-12 0.000000000000000000e+00 0.000000000000000000e+00 5.326312000000000095e-13 0.000000000000000000e+00
4.137500000000000000e+01 4.554564000000000019e-13 5.623542000000000839e-12 0.000000000000000000e+00 0.000000000000000000e+00 1.162512400000000034e-12 0.000000000000000000e+00
4.162500000000000000e+01 0.000000000000000000e+00 3.362462399999999964e-12 0.000000000000000000e+00 0.000000000000000000e+00 7.707892000000001343e-13 0.000000000000000000e+00
4.187500000000000000e+01 4.371960000000000083e-13 4.580607200000000208e-12 0.000000000000000000e+00 0.000000000000000000e+00 2.722307999999999996e-13 0.000000000000000000e+00
4.212500000000000000e+01 4.861399999999999864e-13 4.283550800000000723e-12 0.000000000000000000e+00 0.000000000000000000e+00 6.037560000000000580e-13 0.000000000000000000e+00
4.237500000000000000e+01 0.000000000000000000e+00 3.643559200000000221e-12 0.000000000000000000e+00 0.000000000000000000e+00 8.677924000000000536e-13 0.000000000000000000e+00
4.262500000000000000e+01 0.000000000000000000e+00 4.198461600000000383e-12 0.000000000000000000e+00 0.000000000000000000e+00 1.150132400000000040e-12 0.000000000000000000e+00
4.287500000000000000e+01 0.000000000000000000e+00 4.802622800000000796e-12 0.000000000000000000e+00 0.000000000000000000e+00 8.522396000000000837e-13 0.000000000000000000e+00
4.312500000000000000e+01 1.775455999999999952e-13 5.294921600000000338e-12 0.000000000000000000e+00 0.000000000000000000e+00 1.248767200000000140e-12 0.000000000000000000e+00
4.337500000000000000e+01 2.990472000000000225e-13 2.786159600000000087e-12 0.000000000000000000e+00 0.000000000000000000e+00 5.703116000000000354e-13 0.000000000000000000e+00
4.362500000000000000e+01 0.000000000000000000e+00 4.737894800000000064e-12 0.000000000000000000e+00 0.000000000000000000e+00 0.000000000000000000e+00 0.000000000000000000e+00
4.387500000000000000e+01 0.000000000000000000e+00 4.147024799999999776e-12 0.000000000000000000e+00 0.000000000000000000e+00 1.380195999999999979e-13 0.000000000000000000e+00
4.412500000000000000e+01 0.000000000000000000e+00 3.854557599999999913e-12 0.000000000000000000e+00 0.000000000000000000e+00 1.346826000000000142e-12 0.000000000000000000e+00
4.437500000000000000e+01 0.000000000000000000e+00 5.339449200000000581e-12 0.000000000000000000e+00 2.058036000000000249e-13 4.986268000000000378e-13 0.000000000000000000e+00
4.462500000000000000e+01 0.000000000000000000e+00 2.348526400000000235e-12 0.000000000000000000e+00 0.000000000000000000e+00 6.062756000000000021e-13 0.000000000000000000e+00
4.487500000000000000e+01 0.000000000000000000e+00 2.856716000000000083e-12 0.000000000000000000e+00 0.000000000000000000e+00 7.496936000000000681e-13 0.000000000000000000e+00
4.512500000000000000e+01 0.000000000000000000e+00 3.161962800000000393e-12 0.000000000000000000e+00 0.000000000000000000e+00 8.701107999999999723e-13 0.000000000000000000e+00
4.537500000000000000e+01 0.000000000000000000e+00 3.737332399999999558e-12 0.000000000000000000e+00 0.000000000000000000e+00 2.409631999999999945e-13 0.000000000000000000e+00
4.562500000000000000e+01 0.000000000000000000e+00 2.478861200000000088e-12 0.000000000000000000e+00 5.759319999999999940e-13 1.030020799999999944e-12 0.000000000000000000e+00
4.587500000000000000e+01 0.000000000000000000e+00 2.357412800000000151e-12 0.000000000000000000e+00 0.000000000000000000e+00 3.893360000000000487e-13 0.000000000000000000e+00
4.612500000000000000e+01 2.445336000000000275e-13 6.178349600000000398e-12 0.000000000000000000e+00 0.000000000000000000e+00 1.819912000000000011e-13 0.000000000000000000e+00
4.637500000000000000e+01 0.000000000000000000e+00 2.598573600000000365e-12 0.000000000000000000e+00 0.000000000000000000e+00 6.130579999999999713e-13 0.000000000000000000e+00
4.662500000000000000e+01 0.000000000000000000e+00 1.793336800000000082e-12 0.000000000000000000e+00 2.230736000000000109e-13 0.000000000000000000e+00 0.000000000000000000e+00
4.687500000000000000e+01 0.000000000000000000e+00 3.075807600000000227e-12 0.000000000000000000e+00 0.000000000000000000e+00 3.626336000000000493e-13 0.000000000000000000e+00
4.712500000000000000e+01 0.000000000000000000e+00 3.279882799999999955e-12 0.000000000000000000e+00 0.000000000000000000e+00 5.791075999999999709e-13 0.000000000000000000e+00
4.737500000000000000e+01 0.000000000000000000e+00 4.432592399999999970e-12 0.000000000000000000e+00 0.000000000000000000e+00 0.000000000000000000e+00 0.000000000000000000e+00
4.762500000000000000e+01 0.000000000000000000e+00 3.316378400000000340e-12 0.000000000000000000e+00 0.000000000000000000e+00 5.337200000000000724e-13 0.000000000000000000e+00
4.787500000000000000e+01 0.000000000000000000e+00 2.329245200000000052e-12 0.000000000000000000e+00 0.000000000000000000e+00 0.000000000000000000e+00 0.000000000000000000e+00
4.812500000000000000e+01 0.000000000000000000e+00 4.525924399999999879e-12 0.000000000000000000e+00 0.000000000000000000e+00 0.000000000000000000e+00 0.000000000000000000e+00
4.837500000000000000e+01 0.000000000000000000e+00 2.769841600000000358e-12 0.000000000000000000e+00 0.000000000000000000e+00 0.000000000000000000e+00 0.000000000000000000e+00
4.862500000000000000e+01 0.000000000000000000e+00 2.347315999999999850e-12 0.000000000000000000e+00 0.000000000000000000e+00 2.293660000000000245e-13 0.000000000000000000e+00
4.887500000000000000e+01 0.000000000000000000e+00 1.972294800000000216e-12 0.000000000000000000e+00 0.000000000000000000e+00 2.080967999999999873e-13 0.000000000000000000e+00
4.912500000000000000e+01 0.000000000000000000e+00 3.677737599999999865e-12 0.000000000000000000e+00 0.000000000000000000e+00 0.000000000000000000e+00 0.000000000000000000e+00
4.937500000000000000e+01 0.000000000000000000e+00 1.558937200000000221e-12 0.000000000000000000e+00 0.000000000000000000e+00 0.000000000000000000e+00 0.000000000000000000e+00
4.962500000000000000e+01 0.000000000000000000e+00 4.125534800000000440e-12 0.000000000000000000e+00 0.000000000000000000e+00 3.456196000000000170e-13 0.000000000000000000e+00
4.987500000000000000e+01 0.000000000000000000e+00 1.983486000000000178e-12 0.000000000000000000e+00 0.000000000000000000e+00 3.775447999999999686e-13 0.000000000000000000e+00
5.012500000000000000e+01 0.000000000000000000e+00 2.698521600000000213e-12 0.000000000000000000e+00 0.000000000000000000e+00 2.914348000000000458e-13 0.000000000000000000e+00
5.037500000000000000e+01 0.000000000000000000e+00 2.357162800000000430e-12 0.000000000000000000e+00 0.000000000000000000e+00 4.327936000000000250e-13 0.000000000000000000e+00
5.062500000000000000e+01 0.000000000000000000e+00 1.613086400000000089e-12 0.000000000000000000e+00 0.000000000000000000e+00 0.000000000000000000e+00 0.000000000000000000e+00
5.087500000000000000e+01 0.000000000000000000e+00 2.058863199999999801e-12 0.000000000000000000e+00 0.000000000000000000e+00 2.981600000000000139e-13 0.000000000000000000e+00
5.112500000000000000e+01 0.000000000000000000e+00 1.879464800000000096e-12 0.000000000000000000e+00 0.000000000000000000e+00 2.379284000000000124e-13 0.000000000000000000e+00
5.137500000000000000e+01 0.000000000000000000e+00 3.472444800000000039e-12 0.000000000000000000e+00 0.000000000000000000e+00 0.000000000000000000e+00 0.000000000000000000e+00
5.162500000000000000e+01 3.366096000000000382e-13 2.106805599999999870e-12 0.000000000000000000e+00 0.000000000000000000e+00 3.634332000000000270e-13 0.000000000000000000e+00
5.187500000000000000e+01 4.630440000000001018e-13 3.009109600000000061e-12 0.000000000000000000e+00 0.000000000000000000e+00 4.648039999999999852e-13 0.000000000000000000e+00
5.212500000000000000e+01 0.000000000000000000e+00 3.191101199999999889e-12 0.000000000000000000e+00 0.000000000000000000e+00 0.000000000000000000e+00 0.000000000000000000e+00
5.237500000000000000e+01 0.000000000000000000e+00 1.706776000000000239e-12 0.000000000000000000e+00 0.000000000000000000e+00 0.000000000000000000e+00 0.000000000000000000e+00
5.262500000000000000e+01 4.178280000000000549e-13 1.199508000000000062e-12 0.000000000000000000e+00 0.000000000000000000e+00 2.821148000000000411e-13 0.000000000000000000e+00
5.287500000000000000e+01 0.000000000000000000e+00 1.213710000000000086e-12 0.000000000000000000e+00 0.000000000000000000e+00 0.000000000000000000e+00 0.000000000000000000e+00
5.312500000000000000e+01 0.000000000000000000e+00 1.838373600000000030e-12 0.000000000000000000e+00 0.000000000000000000e+00 0.000000000000000000e+00 0.000000000000000000e+00
5.337500000000000000e+01 0.000000000000000000e+00 2.433096000000000218e-13 0.000000000000000000e+00 0.000000000000000000e+00 2.189412000000000102e-13 0.000000000000000000e+00
5.362500000000000000e+01 0.000000000000000000e+00 8.104024000000000326e-13 0.000000000000000000e+00 0.000000000000000000e+00 2.188420000000000231e-13 0.000000000000000000e+00
5.387500000000000000e+01 0.000000000000000000e+00 9.807755999999998705e-13 0.000000000000000000e+00 0.000000000000000000e+00 2.650436000000000077e-13 0.000000000000000000e+00
5.412500000000000000e+01 0.000000000000000000e+00 9.703023999999999874e-13 0.000000000000000000e+00 0.000000000000000000e+00 0.000000000000000000e+00 0.000000000000000000e+00
5.437500000000000000e+01 0.000000000000000000e+00 1.929634800000000073e-12 0.000000000000000000e+00 0.000000000000000000e+00 0.000000000000000000e+00 0.000000000000000000e+00
5.462500000000000000e+01 0.000000000000000000e+00 1.666122000000000118e-12 0.000000000000000000e+00 0.000000000000000000e+00 2.140252000000000290e-13 0.000000000000000000e+00
5.487500000000000000e+01 0.000000000000000000e+00 2.420533200000000218e-12 0.000000000000000000e+00 0.000000000000000000e+00 0.000000000000000000e+00 0.000000000000000000e+00
5.512500000000000000e+01 0.000000000000000000e+00 3.110251999999999943e-13 0.000000000000000000e+00 0.000000000000000000e+00 3.018299999999999872e-13 0.000000000000000000e+00
5.537500000000000000e+01 0.000000000000000000e+00 1.482658800000000181e-12 0.000000000000000000e+00 0.000000000000000000e+00 8.371044000000000535e-13 0.000000000000000000e+00
5.562500000000000000e+01 0.000000000000000000e+00 9.604600000000001302e-13 0.000000000000000000e+00 0.000000000000000000e+00 3.286360000000000145e-13 0.000000000000000000e+00
5.587500000000000000e+01 0.000000000000000000e+00 2.058595600000000018e-12 0.000000000000000000e+00 0.000000000000000000e+00 0.000000000000000000e+00 0.000000000000000000e+00
5.612500000000000000e+01 0.000000000000000000e+00 1.743897600000000100e-12 0.000000000000000000e+00 0.000000000000000000e+00 0.000000000000000000e+00 0.000000000000000000e+00
5.637500000000000000e+01 0.000000000000000000e+00 1.429129200000000134e-12 0.000000000000000000e+00 0.000000000000000000e+00 2.384320000000000184e-13 0.000000000000000000e+00
5.662500000000000000e+01 0.000000000000000000e+00 8.065176000000000086e-13 0.000000000000000000e+00 0.000000000000000000e+00 3.081175999999999815e-13 0.000000000000000000e+00
5.687500000000000000e+01 0.000000000000000000e+00 2.710083600000000159e-12 0.000000000000000000e+00 0.000000000000000000e+00 2.319956000000000056e-13 0.000000000000000000e+00
5.712500000000000000e+01 0.000000000000000000e+00 1.891360000000000132e-12 0.000000000000000000e+00 0.000000000000000000e+00 0.000000000000000000e+00 0.000000000000000000e+00
5.737500000000000000e+01 0.000000000000000000e+00 1.654012400000000110e-12 0.000000000000000000e+00 0.000000000000000000e+00 0.000000000000000000e+00 0.000000000000000000e+00
5.762500000000000000e+01 0.000000000000000000e+00 8.452856000000000106e-13 0.000000000000000000e+00 0.000000000000000000e+00 9.998092000000001015e-13 0.000000000000000000e+00
5.787500000000000000e+01 0.000000000000000000e+00 9.932072000000001666e-13 0.000000000000000000e+00 0.000000000000000000e+00 5.702040000000000208e-13 0.000000000000000000e+00
5.812500000000000000e+01 0.000000000000000000e+00 7.453004000000000945e-13 0.000000000000000000e+00 0.000000000000000000e+00 0.000000000000000000e+00 0.000000000000000000e+00
5.837500000000000000e+01 0.000000000000000000e+00 6.249044000000000085e-13 0.000000000000000000e+00 0.000000000000000000e+00 0.000000000000000000e+00 0.000000000000000000e+00
5.862500000000000000e+01 0.000000000000000000e+00 3.157496000000000140e-13 0.000000000000000000e+00 0.000000000000000000e+00 0.000000000000000000e+00 0.000000000000000000e+00
5.887500000000000000e+01 0.000000000000000000e+00 6.096240000000000689e-13 0.000000000000000000e+00 0.000000000000000000e+00 3.006451999999999921e-13 0.000000000000000000e+00
5.912500000000000000e+01 0.000000000000000000e+00 4.169919999999999664e-13 0.000000000000000000e+00 0.000000000000000000e+00 0.000000000000000000e+00 0.000000000000000000e+00
5.937500000000000000e+01 4.557760000000000160e-13 6.523616000000000745e-13 0.000000000000000000e+00 0.000000000000000000e+00 0.000000000000000000e+00 0.000000000000000000e+00
5.962500000000000000e+01 0.000000000000000000e+00 1.418300799999999982e-12 0.000000000000000000e+00 0.000000000000000000e+00 0.000000000000000000e+00 0.000000000000000000e+00
5.987500000000000000e+01 0.000000000000000000e+00 1.117664800000000050e-12 0.000000000000000000e+00 0.000000000000000000e+00 0.000000000000000000e+00 0.000000000000000000e+00
6.012500000000000000e+01 0.000000000000000000e+00 2.155181600000000228e-12 0.000000000000000000e+00 0.000000000000000000e+00 0.000000000000000000e+00 0.000000000000000000e+00
6.037500000000000000e+01 0.000000000000000000e+00 5.531828000000000731e-13 0.000000000000000000e+00 0.000000000000000000e+00 0.000000000000000000e+00 0.000000000000000000e+00
6.062500000000000000e+01 0.000000000000000000e+00 1.916374000000000130e-12 0.000000000000000000e+00 0.000000000000000000e+00 0.000000000000000000e+00 0.000000000000000000e+00
6.087500000000000000e+01 0.000000000000000000e+00 6.974608000000000971e-13 0.000000000000000000e+00 0.000000000000000000e+00 0.000000000000000000e+00 0.000000000000000000e+00
6.112500000000000000e+01 0.000000000000000000e+00 4.412480000000000198e-13 0.000000000000000000e+00 0.000000000000000000e+00 0.000000000000000000e+00 0.000000000000000000e+00
6.137500000000000000e+01 0.000000000000000000e+00 6.163604000000000401e-13 0.000000000000000000e+00 0.000000000000000000e+00 0.000000000000000000e+00 0.000000000000000000e+00
6.162500000000000000e+01 0.000000000000000000e+00 1.703428800000000259e-12 0.000000000000000000e+00 0.000000000000000000e+00 0.000000000000000000e+00 0.000000000000000000e+00
6.187500000000000000e+01 0.000000000000000000e+00 0.000000000000000000e+00 0.000000000000000000e+00 0.000000000000000000e+00 0.000000000000000000e+00 0.000000000000000000e+00
6.212500000000000000e+01 0.000000000000000000e+00 8.844159999999999950e-13 0.000000000000000000e+00 0.000000000000000000e+00 0.000000000000000000e+00 0.000000000000000000e+00
6.237500000000000000e+01 0.000000000000000000e+00 2.721620000000000171e-13 0.000000000000000000e+00 0.000000000000000000e+00 0.000000000000000000e+00 0.000000000000000000e+00
6.262500000000000000e+01 0.000000000000000000e+00 1.191159999999999945e-12 0.000000000000000000e+00 0.000000000000000000e+00 0.000000000000000000e+00 0.000000000000000000e+00
6.287500000000000000e+01 0.000000000000000000e+00 0.000000000000000000e+00 0.000000000000000000e+00 0.000000000000000000e+00 0.000000000000000000e+00 0.000000000000000000e+00
6.312500000000000000e+01 0.000000000000000000e+00 1.236847999999999982e-12 0.000000000000000000e+00 0.000000000000000000e+00 4.133480000000000074e-13 0.000000000000000000e+00
6.337500000000000000e+01 0.000000000000000000e+00 3.311900000000000257e-13 0.000000000000000000e+00 0.000000000000000000e+00 0.000000000000000000e+00 0.000000000000000000e+00
6.362500000000000000e+01 0.000000000000000000e+00 1.556098000000000061e-12 0.000000000000000000e+00 0.000000000000000000e+00 0.000000000000000000e+00 0.000000000000000000e+00
6.387500000000000000e+01 0.000000000000000000e+00 6.217760000000000155e-13 0.000000000000000000e+00 0.000000000000000000e+00 0.000000000000000000e+00 0.000000000000000000e+00
6.412500000000000000e+01 0.000000000000000000e+00 5.698360000000000369e-13 0.000000000000000000e+00 0.000000000000000000e+00 0.000000000000000000e+00 0.000000000000000000e+00
6.437500000000000000e+01 0.000000000000000000e+00 0.000000000000000000e+00 0.000000000000000000e+00 0.000000000000000000e+00 0.000000000000000000e+00 0.000000000000000000e+00
6.462500000000000000e+01 0.000000000000000000e+00 1.148814799999999973e-12 0.000000000000000000e+00 0.000000000000000000e+00 0.000000000000000000e+00 0.000000000000000000e+00
6.487500000000000000e+01 0.000000000000000000e+00 0.000000000000000000e+00 0.000000000000000000e+00 0.000000000000000000e+00 0.000000000000000000e+00 0.000000000000000000e+00
6.512500000000000000e+01 0.000000000000000000e+00 6.727320000000000460e-13 0.000000000000000000e+00 0.000000000000000000e+00 0.000000000000000000e+00 0.000000000000000000e+00
6.537500000000000000e+01 0.000000000000000000e+00 1.082043999999999989e-12 0.000000000000000000e+00 0.000000000000000000e+00 0.000000000000000000e+00 0.000000000000000000e+00
6.562500000000000000e+01 0.000000000000000000e+00 9.585820000000000851e-13 0.000000000000000000e+00 0.000000000000000000e+00 0.000000000000000000e+00 0.000000000000000000e+00
6.587500000000000000e+01 0.000000000000000000e+00 4.734240000000000030e-13 0.000000000000000000e+00 0.000000000000000000e+00 0.000000000000000000e+00 0.000000000000000000e+00
6.612500000000000000e+01 0.000000000000000000e+00 0.000000000000000000e+00 0.000000000000000000e+00 0.000000000000000000e+00 0.000000000000000000e+00 0.000000000000000000e+00
6.637500000000000000e+01 0.000000000000000000e+00 1.331024800000000062e-12 0.000000000000000000e+00 0.000000000000000000e+00 0.000000000000000000e+00 0.000000000000000000e+00
6.662500000000000000e+01 0.000000000000000000e+00 4.744760000000000272e-13 0.000000000000000000e+00 0.000000000000000000e+00 0.000000000000000000e+00 0.000000000000000000e+00
6.687500000000000000e+01 0.000000000000000000e+00 1.044804800000000096e-12 0.000000000000000000e+00 0.000000000000000000e+00 0.000000000000000000e+00 0.000000000000000000e+00
6.712500000000000000e+01 0.000000000000000000e+00 3.524892000000000385e-13 0.000000000000000000e+00 0.000000000000000000e+00 0.000000000000000000e+00 0.000000000000000000e+00
6.737500000000000000e+01 0.000000000000000000e+00 0.000000000000000000e+00 0.000000000000000000e+00 0.000000000000000000e+00 0.000000000000000000e+00 0.000000000000000000e+00
6.762500000000000000e+01 0.000000000000000000e+00 4.481200000000000131e-13 0.000000000000000000e+00 0.000000000000000000e+00 0.000000000000000000e+00 0.000000000000000000e+00
6.787500000000000000e+01 0.000000000000000000e+00 3.314284000000000179e-13 0.000000000000000000e+00 0.000000000000000000e+00 0.000000000000000000e+00 0.000000000000000000e+00
6.812500000000000000e+01 0.000000000000000000e+00 1.570507599999999967e-12 0.000000000000000000e+00 0.000000000000000000e+00 0.000000000000000000e+00 0.000000000000000000e+00
6.837500000000000000e+01 0.000000000000000000e+00 4.465959999999999986e-13 0.000000000000000000e+00 0.000000000000000000e+00 0.000000000000000000e+00 0.000000000000000000e+00
6.862500000000000000e+01 0.000000000000000000e+00 0.000000000000000000e+00 0.000000000000000000e+00 0.000000000000000000e+00 0.000000000000000000e+00 0.000000000000000000e+00
6.887500000000000000e+01 0.000000000000000000e+00 0.000000000000000000e+00 0.000000000000000000e+00 0.000000000000000000e+00 0.000000000000000000e+00 0.000000000000000000e+00
6.912500000000000000e+01 0.000000000000000000e+00 0.000000000000000000e+00 0.000000000000000000e+00 0.000000000000000000e+00 0.000000000000000000e+00 0.000000000000000000e+00
6.937500000000000000e+01 0.000000000000000000e+00 7.495240000000001089e-13 0.000000000000000000e+00 0.000000000000000000e+00 0.000000000000000000e+00 0.000000000000000000e+00
6.962500000000000000e+01 0.000000000000000000e+00 0.000000000000000000e+00 0.000000000000000000e+00 0.000000000000000000e+00 0.000000000000000000e+00 0.000000000000000000e+00
6.987500000000000000e+01 0.000000000000000000e+00 3.417136000000000233e-13 0.000000000000000000e+00 0.000000000000000000e+00 0.000000000000000000e+00 0.000000000000000000e+00
7.012500000000000000e+01 0.000000000000000000e+00 0.000000000000000000e+00 0.000000000000000000e+00 0.000000000000000000e+00 0.000000000000000000e+00 0.000000000000000000e+00
7.037500000000000000e+01 0.000000000000000000e+00 0.000000000000000000e+00 0.000000000000000000e+00 0.000000000000000000e+00 0.000000000000000000e+00 0.000000000000000000e+00
7.062500000000000000e+01 0.000000000000000000e+00 0.000000000000000000e+00 0.000000000000000000e+00 0.000000000000000000e+00 0.000000000000000000e+00 0.000000000000000000e+00
7.087500000000000000e+01 0.000000000000000000e+00 9.148772000000000349e-13 0.000000000000000000e+00 0.000000000000000000e+00 0.000000000000000000e+00 0.000000000000000000e+00
7.112500000000000000e+01 0.000000000000000000e+00 0.000000000000000000e+00 0.000000000000000000e+00 0.000000000000000000e+00 0.000000000000000000e+00 0.000000000000000000e+00
7.137500000000000000e+01 0.000000000000000000e+00 0.000000000000000000e+00 0.000000000000000000e+00 0.000000000000000000e+00 0.000000000000000000e+00 0.000000000000000000e+00
7.162500000000000000e+01 0.000000000000000000e+00 0.000000000000000000e+00 0.000000000000000000e+00 0.000000000000000000e+00 0.000000000000000000e+00 0.000000000000000000e+00
7.187500000000000000e+01 0.000000000000000000e+00 0.000000000000000000e+00 0.000000000000000000e+00 0.000000000000000000e+00 0.000000000000000000e+00 0.000000000000000000e+00
7.212500000000000000e+01 0.000000000000000000e+00 5.266280000000000053e-13 0.000000000000000000e+00 0.000000000000000000e+00 0.000000000000000000e+00 0.000000000000000000e+00
7.237500000000000000e+01 0.000000000000000000e+00 0.000000000000000000e+00 0.000000000000000000e+00 0.000000000000000000e+00 0.000000000000000000e+00 0.000000000000000000e+00
7.262500000000000000e+01 0.000000000000000000e+00 0.000000000000000000e+00 0.000000000000000000e+00 0.000000000000000000e+00 0.000000000000000000e+00 0.000000000000000000e+00
7.287500000000000000e+01 0.000000000000000000e+00 0.000000000000000000e+00 0.000000000000000000e+00 0.000000000000000000e+00 0.000000000000000000e+00 0.000000000000000000e+00
7.312500000000000000e+01 0.000000000000000000e+00 3.780004000000000339e-13 0.000000000000000000e+00 0.000000000000000000e+00 0.000000000000000000e+00 0.000000000000000000e+00
7.337500000000000000e+01 0.000000000000000000e+00 0.000000000000000000e+00 0.000000000000000000e+00 0.000000000000000000e+00 0.000000000000000000e+00 0.000000000000000000e+00
7.362500000000000000e+01 0.000000000000000000e+00 4.158320000000000501e-13 0.000000000000000000e+00 0.000000000000000000e+00 0.000000000000000000e+00 0.000000000000000000e+00
7.387500000000000000e+01 0.000000000000000000e+00 0.000000000000000000e+00 0.000000000000000000e+00 0.000000000000000000e+00 0.000000000000000000e+00 0.000000000000000000e+00
7.412500000000000000e+01 0.000000000000000000e+00 0.000000000000000000e+00 0.000000000000000000e+00 0.000000000000000000e+00 0.000000000000000000e+00 0.000000000000000000e+00
7.437500000000000000e+01 0.000000000000000000e+00 0.000000000000000000e+00 0.000000000000000000e+00 0.000000000000000000e+00 0.000000000000000000e+00 0.000000000000000000e+00
7.462500000000000000e+01 0.000000000000000000e+00 5.020440000000000366e-13 0.000000000000000000e+00 0.000000000000000000e+00 0.000000000000000000e+00 0.000000000000000000e+00
7.487500000000000000e+01 0.000000000000000000e+00 0.000000000000000000e+00 0.000000000000000000e+00 0.000000000000000000e+00 0.000000000000000000e+00 0.000000000000000000e+00
7.512500000000000000e+01 0.000000000000000000e+00 5.512560000000000292e-13 0.000000000000000000e+00 0.000000000000000000e+00 0.000000000000000000e+00 0.000000000000000000e+00
7.537500000000000000e+01 0.000000000000000000e+00 0.000000000000000000e+00 0.000000000000000000e+00 0.000000000000000000e+00 0.000000000000000000e+00 0.000000000000000000e+00
7.562500000000000000e+01 0.000000000000000000e+00 0.000000000000000000e+00 0.000000000000000000e+00 0.000000000000000000e+00 0.000000000000000000e+00 0.000000000000000000e+00
7.587500000000000000e+01 0.000000000000000000e+00 0.000000000000000000e+00 0.000000000000000000e+00 0.000000000000000000e+00 0.000000000000000000e+00 0.000000000000000000e+00
7.612500000000000000e+01 0.000000000000000000e+00 0.000000000000000000e+00 0.000000000000000000e+00 0.000000000000000000e+00 0.000000000000000000e+00 0.000000000000000000e+00
7.637500000000000000e+01 0.000000000000000000e+00 0.000000000000000000e+00 0.000000000000000000e+00 0.000000000000000000e+00 0.000000000000000000e+00 0.000000000000000000e+00
7.662500000000000000e+01 0.000000000000000000e+00 0.000000000000000000e+00 0.000000000000000000e+00 0.000000000000000000e+00 0.000000000000000000e+00 0.000000000000000000e+00
7.687500000000000000e+01 0.000000000000000000e+00 7.051640000000000839e-13 0.000000000000000000e+00 0.000000000000000000e+00 0.000000000000000000e+00 0.000000000000000000e+00
7.712500000000000000e+01 0.000000000000000000e+00 0.000000000000000000e+00 0.000000000000000000e+00 0.000000000000000000e+00 0.000000000000000000e+00 0.000000000000000000e+00
7.737500000000000000e+01 0.000000000000000000e+00 0.000000000000000000e+00 0.000000000000000000e+00 0.000000000000000000e+00 0.000000000000000000e+00 0.000000000000000000e+00
7.762500000000000000e+01 0.000000000000000000e+00 0.000000000000000000e+00 0.000000000000000000e+00 0.000000000000000000e+00 0.000000000000000000e+00 0.000000000000000000e+00
7.787500000000000000e+01 0.000000000000000000e+00 5.602039999999999624e-13 0.000000000000000000e+00 0.000000000000000000e+00 0.000000000000000000e+00 0.000000000000000000e+00
7.812500000000000000e+01 0.000000000000000000e+00 0.000000000000000000e+00 0.000000000000000000e+00 0.000000000000000000e+00 0.000000000000000000e+00 0.000000000000000000e+00
7.837500000000000000e+01 0.000000000000000000e+00 0.000000000000000000e+00 0.000000000000000000e+00 0.000000000000000000e+00 0.000000000000000000e+00 0.000000000000000000e+00
7.862500000000000000e+01 0.000000000000000000e+00 0.000000000000000000e+00 0.000000000000000000e+00 0.000000000000000000e+00 0.000000000000000000e+00 0.000000000000000000e+00
7.887500000000000000e+01 0.000000000000000000e+00 0.000000000000000000e+00 0.000000000000000000e+00 0.000000000000000000e+00 0.000000000000000000e+00 0.000000000000000000e+00
7.912500000000000000e+01 0.000000000000000000e+00 0.000000000000000000e+00 0.000000000000000000e+00 0.000000000000000000e+00 0.000000000000000000e+00 0.000000000000000000e+00
7.937500000000000000e+01 0.000000000000000000e+00 0.000000000000000000e+00 0.000000000000000000e+00 0.000000000000000000e+00 0.000000000000000000e+00 0.000000000000000000e+00
7.962500000000000000e+01 0.000000000000000000e+00 0.000000000000000000e+00 0.000000000000000000e+00 0.000000000000000000e+00 0.000000000000000000e+00 0.000000000000000000e+00
7.987500000000000000e+01 0.000000000000000000e+00 0.000000000000000000e+00 0.000000000000000000e+00 0.000000000000000000e+00 0.000000000000000000e+00 0.000000000000000000e+00
8.012500000000000000e+01 0.000000000000000000e+00 0.000000000000000000e+00 0.000000000000000000e+00 0.000000000000000000e+00 0.000000000000000000e+00 0.000000000000000000e+00
8.037500000000000000e+01 0.000000000000000000e+00 0.000000000000000000e+00 0.000000000000000000e+00 0.000000000000000000e+00 0.000000000000000000e+00 0.000000000000000000e+00
8.062500000000000000e+01 0.000000000000000000e+00 0.000000000000000000e+00 0.000000000000000000e+00 0.000000000000000000e+00 0.000000000000000000e+00 0.000000000000000000e+00
8.087500000000000000e+01 0.000000000000000000e+00 0.000000000000000000e+00 0.000000000000000000e+00 0.000000000000000000e+00 0.000000000000000000e+00 0.000000000000000000e+00
8.112500000000000000e+01 0.000000000000000000e+00 0.000000000000000000e+00 0.000000000000000000e+00 0.000000000000000000e+00 0.000000000000000000e+00 0.000000000000000000e+00
8.137500000000000000e+01 0.000000000000000000e+00 0.000000000000000000e+00 0.000000000000000000e+00 0.000000000000000000e+00 0.000000000000000000e+00 0.000000000000000000e+00
8.162500000000000000e+01 0.000000000000000000e+00 0.000000000000000000e+00 0.000000000000000000e+00 0.000000000000000000e+00 0.000000000000000000e+00 0.000000000000000000e+00
8.187500000000000000e+01 0.000000000000000000e+00 0.000000000000000000e+00 0.000000000000000000e+00 0.000000000000000000e+00 0.000000000000000000e+00 0.000000000000000000e+00
8.212500000000000000e+01 0.000000000000000000e+00 0.000000000000000000e+00 0.000000000000000000e+00 0.000000000000000000e+00 0.000000000000000000e+00 0.000000000000000000e+00
8.237500000000000000e+01 0.000000000000000000e+00 0.000000000000000000e+00 0.000000000000000000e+00 0.000000000000000000e+00 0.000000000000000000e+00 0.000000000000000000e+00
8.262500000000000000e+01 0.000000000000000000e+00 0.000000000000000000e+00 0.000000000000000000e+00 0.000000000000000000e+00 0.000000000000000000e+00 0.000000000000000000e+00
8.287500000000000000e+01 0.000000000000000000e+00 0.000000000000000000e+00 0.000000000000000000e+00 0.000000000000000000e+00 0.000000000000000000e+00 0.000000000000000000e+00
8.312500000000000000e+01 0.000000000000000000e+00 0.000000000000000000e+00 0.000000000000000000e+00 0.000000000000000000e+00 0.000000000000000000e+00 0.000000000000000000e+00
8.337500000000000000e+01 0.000000000000000000e+00 0.000000000000000000e+00 0.000000000000000000e+00 0.000000000000000000e+00 0.000000000000000000e+00 0.000000000000000000e+00
8.362500000000000000e+01 0.000000000000000000e+00 0.000000000000000000e+00 0.000000000000000000e+00 0.000000000000000000e+00 0.000000000000000000e+00 0.000000000000000000e+00
8.387500000000000000e+01 0.000000000000000000e+00 0.000000000000000000e+00 0.000000000000000000e+00 0.000000000000000000e+00 0.000000000000000000e+00 0.000000000000000000e+00
8.412500000000000000e+01 0.000000000000000000e+00 0.000000000000000000e+00 0.000000000000000000e+00 0.000000000000000000e+00 0.000000000000000000e+00 0.000000000000000000e+00
8.437500000000000000e+01 0.000000000000000000e+00 0.000000000000000000e+00 0.000000000000000000e+00 0.000000000000000000e+00 0.000000000000000000e+00 0.000000000000000000e+00
8.462500000000000000e+01 0.000000000000000000e+00 0.000000000000000000e+00 0.000000000000000000e+00 0.000000000000000000e+00 0.000000000000000000e+00 0.000000000000000000e+00
8.487500000000000000e+01 0.000000000000000000e+00 0.000000000000000000e+00 0.000000000000000000e+00 0.000000000000000000e+00 0.000000000000000000e+00 0.000000000000000000e+00
8.512500000000000000e+01 0.000000000000000000e+00 0.000000000000000000e+00 0.000000000000000000e+00 0.000000000000000000e+00 0.000000000000000000e+00 0.000000000000000000e+00
8.537500000000000000e+01 0.000000000000000000e+00 0.000000000000000000e+00 0.000000000000000000e+00 0.000000000000000000e+00 0.000000000000000000e+00 0.000000000000000000e+00
8.562500000000000000e+01 0.000000000000000000e+00 0.000000000000000000e+00 0.000000000000000000e+00 0.000000000000000000e+00 0.000000000000000000e+00 0.000000000000000000e+00
8.587500000000000000e+01 0.000000000000000000e+00 0.000000000000000000e+00 0.000000000000000000e+00 0.000000000000000000e+00 0.000000000000000000e+00 0.000000000000000000e+00
8.612500000000000000e+01 0.000000000000000000e+00 0.000000000000000000e+00 0.000000000000000000e+00 0.000000000000000000e+00 0.000000000000000000e+00 0.000000000000000000e+00
8.637500000000000000e+01 0.000000000000000000e+00 0.000000000000000000e+00 0.000000000000000000e+00 0.000000000000000000e+00 0.000000000000000000e+00 0.000000000000000000e+00
8.662500000000000000e+01 0.000000000000000000e+00 0.000000000000000000e+00 0.000000000000000000e+00 0.000000000000000000e+00 0.000000000000000000e+00 0.000000000000000000e+00
8.687500000000000000e+01 0.000000000000000000e+00 0.000000000000000000e+00 0.000000000000000000e+00 0.000000000000000000e+00 0.000000000000000000e+00 0.000000000000000000e+00
8.712500000000000000e+01 0.000000000000000000e+00 0.000000000000000000e+00 0.000000000000000000e+00 0.000000000000000000e+00 0.000000000000000000e+00 0.000000000000000000e+00
8.737500000000000000e+01 0.000000000000000000e+00 0.000000000000000000e+00 0.000000000000000000e+00 0.000000000000000000e+00 0.000000000000000000e+00 0.000000000000000000e+00
8.762500000000000000e+01 0.000000000000000000e+00 0.000000000000000000e+00 0.000000000000000000e+00 0.000000000000000000e+00 0.000000000000000000e+00 0.000000000000000000e+00
8.787500000000000000e+01 0.000000000000000000e+00 0.000000000000000000e+00 0.000000000000000000e+00 0.000000000000000000e+00 0.000000000000000000e+00 0.000000000000000000e+00
8.812500000000000000e+01 0.000000000000000000e+00 0.000000000000000000e+00 0.000000000000000000e+00 0.000000000000000000e+00 0.000000000000000000e+00 0.000000000000000000e+00
8.837500000000000000e+01 0.000000000000000000e+00 0.000000000000000000e+00 0.000000000000000000e+00 0.000000000000000000e+00 0.000000000000000000e+00 0.000000000000000000e+00
8.862500000000000000e+01 0.000000000000000000e+00 0.000000000000000000e+00 0.000000000000000000e+00 0.000000000000000000e+00 0.000000000000000000e+00 0.000000000000000000e+00
8.887500000000000000e+01 0.000000000000000000e+00 0.000000000000000000e+00 0.000000000000000000e+00 0.000000000000000000e+00 0.000000000000000000e+00 0.000000000000000000e+00
8.912500000000000000e+01 0.000000000000000000e+00 0.000000000000000000e+00 0.000000000000000000e+00 0.000000000000000000e+00 0.000000000000000000e+00 0.000000000000000000e+00
8.937500000000000000e+01 0.000000000000000000e+00 0.000000000000000000e+00 0.000000000000000000e+00 0.000000000000000000e+00 0.000000000000000000e+00 0.000000000000000000e+00
8.962500000000000000e+01 0.000000000000000000e+00 0.000000000000000000e+00 0.000000000000000000e+00 0.000000000000000000e+00 0.000000000000000000e+00 0.000000000000000000e+00
8.987500000000000000e+01 0.000000000000000000e+00 0.000000000000000000e+00 0.000000000000000000e+00 0.000000000000000000e+00 0.000000000000000000e+00 0.000000000000000000e+00
9.012500000000000000e+01 0.000000000000000000e+00 0.000000000000000000e+00 0.000000000000000000e+00 0.000000000000000000e+00 0.000000000000000000e+00 0.000000000000000000e+00
9.037500000000000000e+01 0.000000000000000000e+00 0.000000000000000000e+00 0.000000000000000000e+00 0.000000000000000000e+00 0.000000000000000000e+00 0.000000000000000000e+00
9.062500000000000000e+01 0.000000000000000000e+00 0.000000000000000000e+00 0.000000000000000000e+00 0.000000000000000000e+00 0.000000000000000000e+00 0.000000000000000000e+00
9.087500000000000000e+01 0.000000000000000000e+00 0.000000000000000000e+00 0.000000000000000000e+00 0.000000000000000000e+00 0.000000000000000000e+00 0.000000000000000000e+00
9.112500000000000000e+01 0.000000000000000000e+00 0.000000000000000000e+00 0.000000000000000000e+00 0.000000000000000000e+00 0.000000000000000000e+00 0.000000000000000000e+00
9.137500000000000000e+01 0.000000000000000000e+00 0.000000000000000000e+00 0.000000000000000000e+00 0.000000000000000000e+00 0.000000000000000000e+00 0.000000000000000000e+00
9.162500000000000000e+01 0.000000000000000000e+00 0.000000000000000000e+00 0.000000000000000000e+00 0.000000000000000000e+00 0.000000000000000000e+00 0.000000000000000000e+00
9.187500000000000000e+01 0.000000000000000000e+00 0.000000000000000000e+00 0.000000000000000000e+00 0.000000000000000000e+00 0.000000000000000000e+00 0.000000000000000000e+00
9.212500000000000000e+01 0.000000000000000000e+00 0.000000000000000000e+00 0.000000000000000000e+00 0.000000000000000000e+00 0.000000000000000000e+00 0.000000000000000000e+00
9.237500000000000000e+01 0.000000000000000000e+00 0.000000000000000000e+00 0.000000000000000000e+00 0.000000000000000000e+00 0.000000000000000000e+00 0.000000000000000000e+00
9.262500000000000000e+01 0.000000000000000000e+00 0.000000000000000000e+00 0.000000000000000000e+00 0.000000000000000000e+00 0.000000000000000000e+00 0.000000000000000000e+00
9.287500000000000000e+01 0.000000000000000000e+00 0.000000000000000000e+00 0.000000000000000000e+00 0.000000000000000000e+00 0.000000000000000000e+00 0.000000000000000000e+00
9.312500000000000000e+01 0.000000000000000000e+00 0.000000000000000000e+00 0.000000000000000000e+00 0.000000000000000000e+00 0.000000000000000000e+00 0.000000000000000000e+00
9.337500000000000000e+01 0.000000000000000000e+00 0.000000000000000000e+00 0.000000000000000000e+00 0.000000000000000000e+00 0.000000000000000000e+00 0.000000000000000000e+00
9.362500000000000000e+01 0.000000000000000000e+00 0.000000000000000000e+00 0.000000000000000000e+00 0.000000000000000000e+00 0.000000000000000000e+00 0.000000000000000000e+00
9.387500000000000000e+01 0.000000000000000000e+00 0.000000000000000000e+00 0.000000000000000000e+00 0.000000000000000000e+00 0.000000000000000000e+00 0.000000000000000000e+00
9.412500000000000000e+01 0.000000000000000000e+00 0.000000000000000000e+00 0.000000000000000000e+00 0.000000000000000000e+00 0.000000000000000000e+00 0.000000000000000000e+00
9.437500000000000000e+01 0.000000000000000000e+00 0.000000000000000000e+00 0.000000000000000000e+00 0.000000000000000000e+00 0.000000000000000000e+00 0.000000000000000000e+00
9.462500000000000000e+01 0.000000000000000000e+00 0.000000000000000000e+00 0.000000000000000000e+00 0.000000000000000000e+00 0.000000000000000000e+00 0.000000000000000000e+00
9.487500000000000000e+01 0.000000000000000000e+00 0.000000000000000000e+00 0.000000000000000000e+00 0.000000000000000000e+00 0.000000000000000000e+00 0.000000000000000000e+00
9.512500000000000000e+01 0.000000000000000000e+00 0.000000000000000000e+00 0.000000000000000000e+00 0.000000000000000000e+00 0.000000000000000000e+00 0.000000000000000000e+00
9.537500000000000000e+01 0.000000000000000000e+00 0.000000000000000000e+00 0.000000000000000000e+00 0.000000000000000000e+00 0.000000000000000000e+00 0.000000000000000000e+00
9.562500000000000000e+01 0.000000000000000000e+00 0.000000000000000000e+00 0.000000000000000000e+00 0.000000000000000000e+00 0.000000000000000000e+00 0.000000000000000000e+00
9.587500000000000000e+01 0.000000000000000000e+00 0.000000000000000000e+00 0.000000000000000000e+00 0.000000000000000000e+00 0.000000000000000000e+00 0.000000000000000000e+00
9.612500000000000000e+01 0.000000000000000000e+00 0.000000000000000000e+00 0.000000000000000000e+00 0.000000000000000000e+00 0.000000000000000000e+00 0.000000000000000000e+00
9.637500000000000000e+01 0.000000000000000000e+00 0.000000000000000000e+00 0.000000000000000000e+00 0.000000000000000000e+00 0.000000000000000000e+00 0.000000000000000000e+00
9.662500000000000000e+01 0.000000000000000000e+00 0.000000000000000000e+00 0.000000000000000000e+00 0.000000000000000000e+00 0.000000000000000000e+00 0.000000000000000000e+00
9.687500000000000000e+01 0.000000000000000000e+00 0.000000000000000000e+00 0.000000000000000000e+00 0.000000000000000000e+00 0.000000000000000000e+00 0.000000000000000000e+00
9.712500000000000000e+01 0.000000000000000000e+00 0.000000000000000000e+00 0.000000000000000000e+00 0.000000000000000000e+00 0.000000000000000000e+00 0.000000000000000000e+00
9.737500000000000000e+01 0.000000000000000000e+00 0.000000000000000000e+00 0.000000000000000000e+00 0.000000000000000000e+00 0.000000000000000000e+00 0.000000000000000000e+00
9.762500000000000000e+01 0.000000000000000000e+00 0.000000000000000000e+00 0.000000000000000000e+00 0.000000000000000000e+00 0.000000000000000000e+00 0.000000000000000000e+00
9.787500000000000000e+01 0.000000000000000000e+00 0.000000000000000000e+00 0.000000000000000000e+00 0.000000000000000000e+00 0.000000000000000000e+00 0.000000000000000000e+00
9.812500000000000000e+01 0.000000000000000000e+00 0.000000000000000000e+00 0.000000000000000000e+00 0.000000000000000000e+00 0.000000000000000000e+00 0.000000000000000000e+00
9.837500000000000000e+01 0.000000000000000000e+00 0.000000000000000000e+00 0.000000000000000000e+00 0.000000000000000000e+00 0.000000000000000000e+00 0.000000000000000000e+00
9.862500000000000000e+01 0.000000000000000000e+00 0.000000000000000000e+00 0.000000000000000000e+00 0.000000000000000000e+00 0.000000000000000000e+00 0.000000000000000000e+00
9.887500000000000000e+01 0.000000000000000000e+00 0.000000000000000000e+00 0.000000000000000000e+00 0.000000000000000000e+00 0.000000000000000000e+00 0.000000000000000000e+00
9.912500000000000000e+01 0.000000000000000000e+00 0.000000000000000000e+00 0.000000000000000000e+00 0.000000000000000000e+00 0.000000000000000000e+00 0.000000000000000000e+00
9.937500000000000000e+01 0.000000000000000000e+00 0.000000000000000000e+00 0.000000000000000000e+00 0.000000000000000000e+00 0.000000000000000000e+00 0.000000000000000000e+00
9.962500000000000000e+01 0.000000000000000000e+00 0.000000000000000000e+00 0.000000000000000000e+00 0.000000000000000000e+00 0.000000000000000000e+00 0.000000000000000000e+00
9.987500000000000000e+01 0.000000000000000000e+00 0.000000000000000000e+00 0.000000000000000000e+00 0.000000000000000000e+00 0.000000000000000000e+00 0.000000000000000000e+00
1.001250000000000000e+02 0.000000000000000000e+00 0.000000000000000000e+00 0.000000000000000000e+00 0.000000000000000000e+00 0.000000000000000000e+00 0.000000000000000000e+00
1.003750000000000000e+02 0.000000000000000000e+00 0.000000000000000000e+00 0.000000000000000000e+00 0.000000000000000000e+00 0.000000000000000000e+00 0.000000000000000000e+00
1.006250000000000000e+02 0.000000000000000000e+00 0.000000000000000000e+00 0.000000000000000000e+00 0.000000000000000000e+00 0.000000000000000000e+00 0.000000000000000000e+00
1.008750000000000000e+02 0.000000000000000000e+00 0.000000000000000000e+00 0.000000000000000000e+00 0.000000000000000000e+00 0.000000000000000000e+00 0.000000000000000000e+00
1.011250000000000000e+02 0.000000000000000000e+00 0.000000000000000000e+00 0.000000000000000000e+00 0.000000000000000000e+00 0.000000000000000000e+00 0.000000000000000000e+00
1.013750000000000000e+02 0.000000000000000000e+00 0.000000000000000000e+00 0.000000000000000000e+00 0.000000000000000000e+00 0.000000000000000000e+00 0.000000000000000000e+00
1.016250000000000000e+02 0.000000000000000000e+00 0.000000000000000000e+00 0.000000000000000000e+00 0.000000000000000000e+00 0.000000000000000000e+00 0.000000000000000000e+00
1.018750000000000000e+02 0.000000000000000000e+00 0.000000000000000000e+00 0.000000000000000000e+00 0.000000000000000000e+00 0.000000000000000000e+00 0.000000000000000000e+00
1.021250000000000000e+02 0.000000000000000000e+00 0.000000000000000000e+00 0.000000000000000000e+00 0.000000000000000000e+00 0.000000000000000000e+00 0.000000000000000000e+00
1.023750000000000000e+02 0.000000000000000000e+00 0.000000000000000000e+00 0.000000000000000000e+00 0.000000000000000000e+00 0.000000000000000000e+00 0.000000000000000000e+00
1.026250000000000000e+02 0.000000000000000000e+00 0.000000000000000000e+00 0.000000000000000000e+00 0.000000000000000000e+00 0.000000000000000000e+00 0.000000000000000000e+00
1.028750000000000000e+02 0.000000000000000000e+00 0.000000000000000000e+00 0.000000000000000000e+00 0.000000000000000000e+00 0.000000000000000000e+00 0.000000000000000000e+00
1.031250000000000000e+02 0.000000000000000000e+00 0.000000000000000000e+00 0.000000000000000000e+00 0.000000000000000000e+00 0.000000000000000000e+00 0.000000000000000000e+00
1.033750000000000000e+02 0.000000000000000000e+00 0.000000000000000000e+00 0.000000000000000000e+00 0.000000000000000000e+00 0.000000000000000000e+00 0.000000000000000000e+00
1.036250000000000000e+02 0.000000000000000000e+00 0.000000000000000000e+00 0.000000000000000000e+00 0.000000000000000000e+00 0.000000000000000000e+00 0.000000000000000000e+00
1.038750000000000000e+02 0.000000000000000000e+00 0.000000000000000000e+00 0.000000000000000000e+00 0.000000000000000000e+00 0.000000000000000000e+00 0.000000000000000000e+00
1.041250000000000000e+02 0.000000000000000000e+00 0.000000000000000000e+00 0.000000000000000000e+00 0.000000000000000000e+00 0.000000000000000000e+00 0.000000000000000000e+00
1.043750000000000000e+02 0.000000000000000000e+00 0.000000000000000000e+00 0.000000000000000000e+00 0.000000000000000000e+00 0.000000000000000000e+00 0.000000000000000000e+00
1.046250000000000000e+02 0.000000000000000000e+00 0.000000000000000000e+00 0.000000000000000000e+00 0.000000000000000000e+00 0.000000000000000000e+00 0.000000000000000000e+00
1.048750000000000000e+02 0.000000000000000000e+00 0.000000000000000000e+00 0.000000000000000000e+00 0.000000000000000000e+00 0.000000000000000000e+00 0.000000000000000000e+00
1.051250000000000000e+02 0.000000000000000000e+00 0.000000000000000000e+00 0.000000000000000000e+00 0.000000000000000000e+00 0.000000000000000000e+00 0.000000000000000000e+00
1.053750000000000000e+02 0.000000000000000000e+00 0.000000000000000000e+00 0.000000000000000000e+00 0.000000000000000000e+00 0.000000000000000000e+00 0.000000000000000000e+00
1.056250000000000000e+02 0.000000000000000000e+00 0.000000000000000000e+00 0.000000000000000000e+00 0.000000000000000000e+00 0.000000000000000000e+00 0.000000000000000000e+00
1.058750000000000000e+02 0.000000000000000000e+00 0.000000000000000000e+00 0.000000000000000000e+00 0.000000000000000000e+00 0.000000000000000000e+00 0.000000000000000000e+00
1.061250000000000000e+02 0.000000000000000000e+00 0.000000000000000000e+00 0.000000000000000000e+00 0.000000000000000000e+00 0.000000000000000000e+00 0.000000000000000000e+00
1.063750000000000000e+02 0.000000000000000000e+00 0.000000000000000000e+00 0.000000000000000000e+00 0.000000000000000000e+00 0.000000000000000000e+00 0.000000000000000000e+00
1.066250000000000000e+02 0.000000000000000000e+00 0.000000000000000000e+00 0.000000000000000000e+00 0.000000000000000000e+00 0.000000000000000000e+00 0.000000000000000000e+00
1.068750000000000000e+02 0.000000000000000000e+00 0.000000000000000000e+00 0.000000000000000000e+00 0.000000000000000000e+00 0.000000000000000000e+00 0.000000000000000000e+00
1.071250000000000000e+02 0.000000000000000000e+00 0.000000000000000000e+00 0.000000000000000000e+00 0.000000000000000000e+00 0.000000000000000000e+00 0.000000000000000000e+00
1.073750000000000000e+02 0.000000000000000000e+00 0.000000000000000000e+00 0.000000000000000000e+00 0.000000000000000000e+00 0.000000000000000000e+00 0.000000000000000000e+00
1.076250000000000000e+02 0.000000000000000000e+00 0.000000000000000000e+00 0.000000000000000000e+00 0.000000000000000000e+00 0.000000000000000000e+00 0.000000000000000000e+00
1.078750000000000000e+02 0.000000000000000000e+00 0.000000000000000000e+00 0.000000000000000000e+00 0.000000000000000000e+00 0.000000000000000000e+00 0.000000000000000000e+00
1.081250000000000000e+02 0.000000000000000000e+00 0.000000000000000000e+00 0.000000000000000000e+00 0.000000000000000000e+00 0.000000000000000000e+00 0.000000000000000000e+00
1.083750000000000000e+02 0.000000000000000000e+00 0.000000000000000000e+00 0.000000000000000000e+00 0.000000000000000000e+00 0.000000000000000000e+00 0.000000000000000000e+00
1.086250000000000000e+02 0.000000000000000000e+00 0.000000000000000000e+00 0.000000000000000000e+00 0.000000000000000000e+00 0.000000000000000000e+00 0.000000000000000000e+00
1.088750000000000000e+02 0.000000000000000000e+00 0.000000000000000000e+00 0.000000000000000000e+00 0.000000000000000000e+00 0.000000000000000000e+00 0.000000000000000000e+00
1.091250000000000000e+02 0.000000000000000000e+00 0.000000000000000000e+00 0.000000000000000000e+00 0.000000000000000000e+00 0.000000000000000000e+00 0.000000000000000000e+00
1.093750000000000000e+02 0.000000000000000000e+00 0.000000000000000000e+00 0.000000000000000000e+00 0.000000000000000000e+00 0.000000000000000000e+00 0.000000000000000000e+00
1.096250000000000000e+02 0.000000000000000000e+00 0.000000000000000000e+00 0.000000000000000000e+00 0.000000000000000000e+00 0.000000000000000000e+00 0.000000000000000000e+00
1.098750000000000000e+02 0.000000000000000000e+00 0.000000000000000000e+00 0.000000000000000000e+00 0.000000000000000000e+00 0.000000000000000000e+00 0.000000000000000000e+00
1.101250000000000000e+02 0.000000000000000000e+00 0.000000000000000000e+00 0.000000000000000000e+00 0.000000000000000000e+00 0.000000000000000000e+00 0.000000000000000000e+00
1.103750000000000000e+02 0.000000000000000000e+00 0.000000000000000000e+00 0.000000000000000000e+00 0.000000000000000000e+00 0.000000000000000000e+00 0.000000000000000000e+00
1.106250000000000000e+02 0.000000000000000000e+00 0.000000000000000000e+00 0.000000000000000000e+00 0.000000000000000000e+00 0.000000000000000000e+00 0.000000000000000000e+00
1.108750000000000000e+02 0.000000000000000000e+00 0.000000000000000000e+00 0.000000000000000000e+00 0.000000000000000000e+00 0.000000000000000000e+00 0.000000000000000000e+00
1.111250000000000000e+02 0.000000000000000000e+00 0.000000000000000000e+00 0.000000000000000000e+00 0.000000000000000000e+00 0.000000000000000000e+00 0.000000000000000000e+00
1.113750000000000000e+02 0.000000000000000000e+00 0.000000000000000000e+00 0.000000000000000000e+00 0.000000000000000000e+00 0.000000000000000000e+00 0.000000000000000000e+00
1.116250000000000000e+02 0.000000000000000000e+00 0.000000000000000000e+00 0.000000000000000000e+00 0.000000000000000000e+00 0.000000000000000000e+00 0.000000000000000000e+00
1.118750000000000000e+02 0.000000000000000000e+00 0.000000000000000000e+00 0.000000000000000000e+00 0.000000000000000000e+00 0.000000000000000000e+00 0.000000000000000000e+00
1.121250000000000000e+02 0.000000000000000000e+00 0.000000000000000000e+00 0.000000000000000000e+00 0.000000000000000000e+00 0.000000000000000000e+00 0.000000000000000000e+00
1.123750000000000000e+02 0.000000000000000000e+00 0.000000000000000000e+00 0.000000000000000000e+00 0.000000000000000000e+00 0.000000000000000000e+00 0.000000000000000000e+00
1.126250000000000000e+02 0.000000000000000000e+00 0.000000000000000000e+00 0.000000000000000000e+00 0.000000000000000000e+00 0.000000000000000000e+00 0.000000000000000000e+00
1.128750000000000000e+02 0.000000000000000000e+00 0.000000000000000000e+00 0.000000000000000000e+00 0.000000000000000000e+00 0.000000000000000000e+00 0.000000000000000000e+00
1.131250000000000000e+02 0.000000000000000000e+00 0.000000000000000000e+00 0.000000000000000000e+00 0.000000000000000000e+00 0.000000000000000000e+00 0.000000000000000000e+00
1.133750000000000000e+02 0.000000000000000000e+00 0.000000000000000000e+00 0.000000000000000000e+00 0.000000000000000000e+00 0.000000000000000000e+00 0.000000000000000000e+00
1.136250000000000000e+02 0.000000000000000000e+00 0.000000000000000000e+00 0.000000000000000000e+00 0.000000000000000000e+00 0.000000000000000000e+00 0.000000000000000000e+00
1.138750000000000000e+02 0.000000000000000000e+00 0.000000000000000000e+00 0.000000000000000000e+00 0.000000000000000000e+00 0.000000000000000000e+00 0.000000000000000000e+00
1.141250000000000000e+02 0.000000000000000000e+00 0.000000000000000000e+00 0.000000000000000000e+00 0.000000000000000000e+00 0.000000000000000000e+00 0.000000000000000000e+00
1.143750000000000000e+02 0.000000000000000000e+00 0.000000000000000000e+00 0.000000000000000000e+00 0.000000000000000000e+00 0.000000000000000000e+00 0.000000000000000000e+00
1.146250000000000000e+02 0.000000000000000000e+00 0.000000000000000000e+00 0.000000000000000000e+00 0.000000000000000000e+00 0.000000000000000000e+00 0.000000000000000000e+00
1.148750000000000000e+02 0.000000000000000000e+00 0.000000000000000000e+00 0.000000000000000000e+00 0.000000000000000000e+00 0.000000000000000000e+00 0.000000000000000000e+00
1.151250000000000000e+02 0.000000000000000000e+00 0.000000000000000000e+00 0.000000000000000000e+00 0.000000000000000000e+00 0.000000000000000000e+00 0.000000000000000000e+00
1.153750000000000000e+02 0.000000000000000000e+00 0.000000000000000000e+00 0.000000000000000000e+00 0.000000000000000000e+00 0.000000000000000000e+00 0.000000000000000000e+00
1.156250000000000000e+02 0.000000000000000000e+00 0.000000000000000000e+00 0.000000000000000000e+00 0.000000000000000000e+00 0.000000000000000000e+00 0.000000000000000000e+00
1.158750000000000000e+02 0.000000000000000000e+00 0.000000000000000000e+00 0.000000000000000000e+00 0.000000000000000000e+00 0.000000000000000000e+00 0.000000000000000000e+00
1.161250000000000000e+02 0.000000000000000000e+00 0.000000000000000000e+00 0.000000000000000000e+00 0.000000000000000000e+00 0.000000000000000000e+00 0.000000000000000000e+00
1.163750000000000000e+02 0.000000000000000000e+00 0.000000000000000000e+00 0.000000000000000000e+00 0.000000000000000000e+00 0.000000000000000000e+00 0.000000000000000000e+00
1.166250000000000000e+02 0.000000000000000000e+00 0.000000000000000000e+00 0.000000000000000000e+00 0.000000000000000000e+00 0.000000000000000000e+00 0.000000000000000000e+00
1.168750000000000000e+02 0.000000000000000000e+00 0.000000000000000000e+00 0.000000000000000000e+00 0.000000000000000000e+00 0.000000000000000000e+00 0.000000000000000000e+00
1.171250000000000000e+02 0.000000000000000000e+00 0.000000000000000000e+00 0.000000000000000000e+00 0.000000000000000000e+00 0.000000000000000000e+00 0.000000000000000000e+00
1.173750000000000000e+02 0.000000000000000000e+00 0.000000000000000000e+00 0.000000000000000000e+00 0.000000000000000000e+00 0.000000000000000000e+00 0.000000000000000000e+00
1.176250000000000000e+02 0.000000000000000000e+00 0.000000000000000000e+00 0.000000000000000000e+00 0.000000000000000000e+00 0.000000000000000000e+00 0.000000000000000000e+00
1.178750000000000000e+02 0.000000000000000000e+00 0.000000000000000000e+00 0.000000000000000000e+00 0.000000000000000000e+00 0.000000000000000000e+00 0.000000000000000000e+00
1.181250000000000000e+02 0.000000000000000000e+00 0.000000000000000000e+00 0.000000000000000000e+00 0.000000000000000000e+00 0.000000000000000000e+00 0.000000000000000000e+00
1.183750000000000000e+02 0.000000000000000000e+00 0.000000000000000000e+00 0.000000000000000000e+00 0.000000000000000000e+00 0.000000000000000000e+00 0.000000000000000000e+00
1.186250000000000000e+02 0.000000000000000000e+00 0.000000000000000000e+00 0.000000000000000000e+00 0.000000000000000000e+00 0.000000000000000000e+00 0.000000000000000000e+00
1.188750000000000000e+02 0.000000000000000000e+00 0.000000000000000000e+00 0.000000000000000000e+00 0.000000000000000000e+00 0.000000000000000000e+00 0.000000000000000000e+00
1.191250000000000000e+02 0.000000000000000000e+00 0.000000000000000000e+00 0.000000000000000000e+00 0.000000000000000000e+00 0.000000000000000000e+00 0.000000000000000000e+00
1.193750000000000000e+02 0.000000000000000000e+00 0.000000000000000000e+00 0.000000000000000000e+00 0.000000000000000000e+00 0.000000000000000000e+00 0.000000000000000000e+00
1.196250000000000000e+02 0.000000000000000000e+00 0.000000000000000000e+00 0.000000000000000000e+00 0.000000000000000000e+00 0.000000000000000000e+00 0.000000000000000000e+00
1.198750000000000000e+02 0.000000000000000000e+00 0.000000000000000000e+00 0.000000000000000000e+00 0.000000000000000000e+00 0.000000000000000000e+00 0.000000000000000000e+00
1.201250000000000000e+02 0.000000000000000000e+00 0.000000000000000000e+00 0.000000000000000000e+00 0.000000000000000000e+00 0.000000000000000000e+00 0.000000000000000000e+00
1.203750000000000000e+02 0.000000000000000000e+00 0.000000000000000000e+00 0.000000000000000000e+00 0.000000000000000000e+00 0.000000000000000000e+00 0.000000000000000000e+00
1.206250000000000000e+02 0.000000000000000000e+00 0.000000000000000000e+00 0.000000000000000000e+00 0.000000000000000000e+00 0.000000000000000000e+00 0.000000000000000000e+00
1.208750000000000000e+02 0.000000000000000000e+00 0.000000000000000000e+00 0.000000000000000000e+00 0.000000000000000000e+00 0.000000000000000000e+00 0.000000000000000000e+00
1.211250000000000000e+02 0.000000000000000000e+00 0.000000000000000000e+00 0.000000000000000000e+00 0.000000000000000000e+00 0.000000000000000000e+00 0.000000000000000000e+00
1.213750000000000000e+02 0.000000000000000000e+00 0.000000000000000000e+00 0.000000000000000000e+00 0.000000000000000000e+00 0.000000000000000000e+00 0.000000000000000000e+00
1.216250000000000000e+02 0.000000000000000000e+00 0.000000000000000000e+00 0.000000000000000000e+00 0.000000000000000000e+00 0.000000000000000000e+00 0.000000000000000000e+00
1.218750000000000000e+02 0.000000000000000000e+00 0.000000000000000000e+00 0.000000000000000000e+00 0.000000000000000000e+00 0.000000000000000000e+00 0.000000000000000000e+00
1.221250000000000000e+02 0.000000000000000000e+00 0.000000000000000000e+00 0.000000000000000000e+00 0.000000000000000000e+00 0.000000000000000000e+00 0.000000000000000000e+00
1.223750000000000000e+02 0.000000000000000000e+00 0.000000000000000000e+00 0.000000000000000000e+00 0.000000000000000000e+00 0.000000000000000000e+00 0.000000000000000000e+00
1.226250000000000000e+02 0.000000000000000000e+00 0.000000000000000000e+00 0.000000000000000000e+00 0.000000000000000000e+00 0.000000000000000000e+00 0.000000000000000000e+00
1.228750000000000000e+02 0.000000000000000000e+00 0.000000000000000000e+00 0.000000000000000000e+00 0.000000000000000000e+00 0.000000000000000000e+00 0.000000000000000000e+00
1.231250000000000000e+02 0.000000000000000000e+00 0.000000000000000000e+00 0.000000000000000000e+00 0.000000000000000000e+00 0.000000000000000000e+00 0.000000000000000000e+00
1.233750000000000000e+02 0.000000000000000000e+00 0.000000000000000000e+00 0.000000000000000000e+00 0.000000000000000000e+00 0.000000000000000000e+00 0.000000000000000000e+00
1.236250000000000000e+02 0.000000000000000000e+00 0.000000000000000000e+00 0.000000000000000000e+00 0.000000000000000000e+00 0.000000000000000000e+00 0.000000000000000000e+00
1.238750000000000000e+02 0.000000000000000000e+00 0.000000000000000000e+00 0.000000000000000000e+00 0.000000000000000000e+00 0.000000000000000000e+00 0.000000000000000000e+00
1.241250000000000000e+02 0.000000000000000000e+00 0.000000000000000000e+00 0.000000000000000000e+00 0.000000000000000000e+00 0.000000000000000000e+00 0.000000000000000000e+00
1.243750000000000000e+02 0.000000000000000000e+00 0.000000000000000000e+00 0.000000000000000000e+00 0.000000000000000000e+00 0.000000000000000000e+00 0.000000000000000000e+00
1.246250000000000000e+02 0.000000000000000000e+00 0.000000000000000000e+00 0.000000000000000000e+00 0.000000000000000000e+00 0.000000000000000000e+00 0.000000000000000000e+00
1.248750000000000000e+02 0.000000000000000000e+00 0.000000000000000000e+00 0.000000000000000000e+00 0.000000000000000000e+00 0.000000000000000000e+00 0.000000000000000000e+00
1.251250000000000000e+02 0.000000000000000000e+00 0.000000000000000000e+00 0.000000000000000000e+00 0.000000000000000000e+00 0.000000000000000000e+00 0.000000000000000000e+00
