# MicroBooNE BNB flux
# Based on CC inclusive paper release https://arxiv.org/abs/1905.09694 
# Elo: Lower bin edge in GeV
# Ehi: Upper bin edge in GeV
# numu flux    (numu/cm^2/proton-on-target/50 MeV)
# numubar flux zerod
# nue flux     zerod
# nuebar flux  zerod
# Elo   Ehi       numu      numub        nue       nueb
0	0.05	3.09387e-12	0	0	0
0.05	0.1	1.1876e-11	0	0	0
0.1	0.15	1.53531e-11	0	0	0
0.15	0.2	1.82937e-11	0	0	0
0.2	0.25	2.27227e-11	0	0	0
0.25	0.3	2.504e-11	0	0	0
0.3	0.35	2.67737e-11	0	0	0
0.35	0.4	2.80395e-11	0	0	0
0.4	0.45	2.96497e-11	0	0	0
0.45	0.5	3.09185e-11	0	0	0
0.5	0.55	3.1621e-11	0	0	0
0.55	0.6	3.16714e-11	0	0	0
0.6	0.65	3.12628e-11	0	0	0
0.65	0.7	3.09414e-11	0	0	0
0.7	0.75	3.06225e-11	0	0	0
0.75	0.8	2.99076e-11	0	0	0
0.8	0.85	2.87887e-11	0	0	0
0.85	0.9	2.7589e-11	0	0	0
0.9	0.95	2.63898e-11	0	0	0
0.95	1	2.49832e-11	0	0	0
1	1.05	2.36887e-11	0	0	0
1.05	1.1	2.2191e-11	0	0	0
1.1	1.15	2.06502e-11	0	0	0
1.15	1.2	1.91872e-11	0	0	0
1.2	1.25	1.779e-11	0	0	0
1.25	1.3	1.61937e-11	0	0	0
1.3	1.35	1.47394e-11	0	0	0
1.35	1.4	1.32058e-11	0	0	0
1.4	1.45	1.16819e-11	0	0	0
1.45	1.5	1.01816e-11	0	0	0
1.5	1.55	8.87004e-12	0	0	0
1.55	1.6	7.65861e-12	0	0	0
1.6	1.65	6.50879e-12	0	0	0
1.65	1.7	5.48699e-12	0	0	0
1.7	1.75	4.6372e-12	0	0	0
1.75	1.8	3.84103e-12	0	0	0
1.8	1.85	3.18679e-12	0	0	0
1.85	1.9	2.57712e-12	0	0	0
1.9	1.95	2.10204e-12	0	0	0
1.95	2	1.69856e-12	0	0	0
2	2.05	1.35575e-12	0	0	0
2.05	2.1	1.1085e-12	0	0	0
2.1	2.15	9.13053e-13	0	0	0
2.15	2.2	7.24058e-13	0	0	0
2.2	2.25	6.22422e-13	0	0	0
2.25	2.3	5.35661e-13	0	0	0
2.3	2.35	4.63983e-13	0	0	0
2.35	2.4	4.04717e-13	0	0	0
2.4	2.45	3.67704e-13	0	0	0
2.45	2.5	3.33405e-13	0	0	0
2.5	2.55	3.08085e-13	0	0	0
2.55	2.6	2.89384e-13	0	0	0
2.6	2.65	2.77999e-13	0	0	0
2.65	2.7	2.69421e-13	0	0	0
2.7	2.75	2.58261e-13	0	0	0
2.75	2.8	2.40445e-13	0	0	0
2.8	2.85	2.37089e-13	0	0	0
2.85	2.9	2.29849e-13	0	0	0
2.9	2.95	2.25455e-13	0	0	0
2.95	3	2.09827e-13	0	0	0
3	3.05	2.01313e-13	0	0	0
3.05	3.1	1.9477e-13	0	0	0
3.1	3.15	1.99655e-13	0	0	0
3.15	3.2	1.8658e-13	0	0	0
3.2	3.25	1.80791e-13	0	0	0
3.25	3.3	1.7653e-13	0	0	0
3.3	3.35	1.67723e-13	0	0	0
3.35	3.4	1.66967e-13	0	0	0
3.4	3.45	1.60273e-13	0	0	0
3.45	3.5	1.55954e-13	0	0	0
3.5	3.55	1.53475e-13	0	0	0
3.55	3.6	1.43558e-13	0	0	0
3.6	3.65	1.39429e-13	0	0	0
3.65	3.7	1.32399e-13	0	0	0
3.7	3.75	1.29474e-13	0	0	0
3.75	3.8	1.25993e-13	0	0	0
3.8	3.85	1.14223e-13	0	0	0
3.85	3.9	1.09854e-13	0	0	0
3.9	3.95	1.04773e-13	0	0	0
3.95	4	1.03344e-13	0	0	0
4	4.05	9.76489e-14	0	0	0
4.05	4.1	9.64573e-14	0	0	0
4.1	4.15	8.75427e-14	0	0	0
4.15	4.2	8.41947e-14	0	0	0
4.2	4.25	7.82657e-14	0	0	0
4.25	4.3	7.52041e-14	0	0	0
4.3	4.35	7.44956e-14	0	0	0
4.35	4.4	7.15057e-14	0	0	0
4.4	4.45	6.85157e-14	0	0	0
4.45	4.5	6.63204e-14	0	0	0
4.5	4.55	5.75463e-14	0	0	0
4.55	4.6	5.79227e-14	0	0	0
4.6	4.65	5.43592e-14	0	0	0
4.65	4.7	5.0103e-14	0	0	0
4.7	4.75	4.87416e-14	0	0	0
4.75	4.8	4.51261e-14	0	0	0
4.8	4.85	4.228e-14	0	0	0
4.85	4.9	4.02281e-14	0	0	0
4.9	4.95	3.8182e-14	0	0	0
4.95	5	3.41469e-14	0	0	0
5	5.05	3.29518e-14	0	0	0
5.05	5.1	3.10148e-14	0	0	0
5.1	5.15	2.9155e-14	0	0	0
5.15	5.2	2.80003e-14	0	0	0
5.2	5.25	2.59709e-14	0	0	0
5.25	5.3	2.50528e-14	0	0	0
5.3	5.35	2.20249e-14	0	0	0
5.35	5.4	2.10514e-14	0	0	0
5.4	5.45	2.02221e-14	0	0	0
5.45	5.5	2.13991e-14	0	0	0
5.5	5.55	1.74728e-14	0	0	0
5.55	5.6	1.82969e-14	0	0	0
5.6	5.65	1.84019e-14	0	0	0
5.65	5.7	1.36837e-14	0	0	0
5.7	5.75	1.21637e-14	0	0	0
5.75	5.8	1.19901e-14	0	0	0
5.8	5.85	1.08052e-14	0	0	0
5.85	5.9	9.75515e-15	0	0	0
5.9	5.95	8.89265e-15	0	0	0
5.95	6	8.01859e-15	0	0	0
6	6.05	7.50503e-15	0	0	0
6.05	6.1	6.35038e-15	0	0	0
6.1	6.15	6.09004e-15	0	0	0
6.15	6.2	5.08948e-15	0	0	0
6.2	6.25	4.14092e-15	0	0	0
6.25	6.3	3.43437e-15	0	0	0
6.3	6.35	3.21136e-15	0	0	0
6.35	6.4	2.46031e-15	0	0	0
6.4	6.45	1.89699e-15	0	0	0
6.45	6.5	1.73954e-15	0	0	0
6.5	6.55	1.28882e-15	0	0	0
6.55	6.6	1.01973e-15	0	0	0
6.6	6.65	7.78957e-16	0	0	0
6.65	6.7	5.16945e-16	0	0	0
6.7	6.75	2.40769e-16	0	0	0
6.75	6.8	0	0	0	0
6.8	6.85	0	0	0	0
6.85	6.9	0	0	0	0
6.9	6.95	0	0	0	0
6.95	7	0	0	0	0
7	7.05	0	0	0	0
7.05	7.1	0	0	0	0
7.1	7.15	0	0	0	0
7.15	7.2	0	0	0	0
7.2	7.25	0	0	0	0
7.25	7.3	0	0	0	0
7.3	7.35	0	0	0	0
7.35	7.4	0	0	0	0
7.4	7.45	0	0	0	0
7.45	7.5	0	0	0	0
7.5	7.55	0	0	0	0
7.55	7.6	0	0	0	0
7.6	7.65	0	0	0	0
7.65	7.7	0	0	0	0
7.7	7.75	0	0	0	0
7.75	7.8	0	0	0	0
7.8	7.85	0	0	0	0
7.85	7.9	0	0	0	0
7.9	7.95	0	0	0	0
7.95	8	0	0	0	0
8	8.05	0	0	0	0
8.05	8.1	0	0	0	0
8.1	8.15	0	0	0	0
8.15	8.2	0	0	0	0
8.2	8.25	0	0	0	0
8.25	8.3	0	0	0	0
8.3	8.35	0	0	0	0
8.35	8.4	0	0	0	0
8.4	8.45	0	0	0	0
8.45	8.5	0	0	0	0
8.5	8.55	0	0	0	0
8.55	8.6	0	0	0	0
8.6	8.65	0	0	0	0
8.65	8.7	0	0	0	0
8.7	8.75	0	0	0	0
8.75	8.8	0	0	0	0
8.8	8.85	0	0	0	0
8.85	8.9	0	0	0	0
8.9	8.95	0	0	0	0
8.95	9	0	0	0	0
9	9.05	0	0	0	0
9.05	9.1	0	0	0	0
9.1	9.15	0	0	0	0
9.15	9.2	0	0	0	0
9.2	9.25	0	0	0	0
9.25	9.3	0	0	0	0
9.3	9.35	0	0	0	0
9.35	9.4	0	0	0	0
9.4	9.45	0	0	0	0
9.45	9.5	0	0	0	0
9.5	9.55	0	0	0	0
9.55	9.6	0	0	0	0
9.6	9.65	0	0	0	0
9.65	9.7	0	0	0	0
9.7	9.75	0	0	0	0
9.75	9.8	0	0	0	0
9.8	9.85	0	0	0	0
9.85	9.9	0	0	0	0
9.9	9.95	0	0	0	0
9.95	10	0	0	0	0
