# nus/cm^2/POT/GeV
2.500000000000000139e-02 1.089999999999999798e-12 4.379999999999999350e-10 0.000000000000000000e+00 5.459999999999998949e-12 3.299999999999999461e-10 0.000000000000000000e+00
7.500000000000001110e-02 4.599999999999998979e-12 1.413999999999999667e-09 0.000000000000000000e+00 3.139999999999999626e-11 1.361999999999999639e-09 0.000000000000000000e+00
1.250000000000000000e-01 8.279999999999997838e-12 1.101999999999999710e-09 0.000000000000000000e+00 6.639999999999998526e-11 2.739999999999999637e-09 0.000000000000000000e+00
1.749999999999999889e-01 1.115999999999999849e-11 9.399999999999998559e-10 0.000000000000000000e+00 9.679999999999997850e-11 4.199999999999998731e-09 0.000000000000000000e+00
2.250000000000000056e-01 1.355999999999999796e-11 9.199999999999998216e-10 0.000000000000000000e+00 1.231999999999999726e-10 6.479999999999998303e-09 0.000000000000000000e+00
2.750000000000000222e-01 1.561999999999999685e-11 8.979999999999997941e-10 0.000000000000000000e+00 1.407999999999999687e-10 9.319999999999998422e-09 0.000000000000000000e+00
3.249999999999999556e-01 1.729999999999999777e-11 9.219999999999998146e-10 0.000000000000000000e+00 1.563999999999999717e-10 1.303999999999999798e-08 0.000000000000000000e+00
3.750000000000000000e-01 1.795999999999999537e-11 9.419999999999998490e-10 0.000000000000000000e+00 1.639999999999999765e-10 1.701999999999999623e-08 0.000000000000000000e+00
4.250000000000000444e-01 1.825999999999999691e-11 9.619999999999997799e-10 0.000000000000000000e+00 1.649999999999999731e-10 2.119999999999999462e-08 0.000000000000000000e+00
4.749999999999999778e-01 1.835999999999999528e-11 9.899999999999998900e-10 0.000000000000000000e+00 1.649999999999999731e-10 2.599999999999999459e-08 0.000000000000000000e+00
5.250000000000000222e-01 1.851999999999999459e-11 9.939999999999998762e-10 0.000000000000000000e+00 1.595999999999999710e-10 2.839999999999999292e-08 0.000000000000000000e+00
5.749999999999999556e-01 1.837999999999999560e-11 9.799999999999997178e-10 0.000000000000000000e+00 1.507999999999999601e-10 2.839999999999999292e-08 0.000000000000000000e+00
6.250000000000000000e-01 1.811999999999999468e-11 1.001999999999999849e-09 0.000000000000000000e+00 1.417999999999999653e-10 2.659999999999999334e-08 0.000000000000000000e+00
6.750000000000000444e-01 1.773999999999999509e-11 9.299999999999997870e-10 0.000000000000000000e+00 1.327999999999999705e-10 2.359999999999999626e-08 0.000000000000000000e+00
7.249999999999999778e-01 1.709999999999999782e-11 8.699999999999997874e-10 0.000000000000000000e+00 1.197999999999999637e-10 1.987999999999999670e-08 0.000000000000000000e+00
7.750000000000000222e-01 1.641999999999999668e-11 7.459999999999998020e-10 0.000000000000000000e+00 1.071999999999999762e-10 1.563999999999999645e-08 0.000000000000000000e+00
8.249999999999999556e-01 1.625999999999999736e-11 7.939999999999998431e-10 0.000000000000000000e+00 9.799999999999998470e-11 1.149999999999999710e-08 0.000000000000000000e+00
8.750000000000000000e-01 1.563999999999999717e-11 7.439999999999998089e-10 0.000000000000000000e+00 8.739999999999997736e-11 8.239999999999998015e-09 0.000000000000000000e+00
9.250000000000000444e-01 1.549999999999999817e-11 6.719999999999998508e-10 0.000000000000000000e+00 7.479999999999998985e-11 5.939999999999998927e-09 0.000000000000000000e+00
9.749999999999999778e-01 1.475999999999999608e-11 6.239999999999999131e-10 0.000000000000000000e+00 6.899999999999998145e-11 4.399999999999998868e-09 0.000000000000000000e+00
1.024999999999999911e+00 1.471999999999999544e-11 6.319999999999998855e-10 0.000000000000000000e+00 6.079999999999998650e-11 3.399999999999999426e-09 0.000000000000000000e+00
1.075000000000000178e+00 1.389999999999999691e-11 5.379999999999998999e-10 0.000000000000000000e+00 5.299999999999999146e-11 2.859999999999999223e-09 0.000000000000000000e+00
1.125000000000000000e+00 1.333999999999999768e-11 5.139999999999998794e-10 0.000000000000000000e+00 4.599999999999998979e-11 2.399999999999999570e-09 0.000000000000000000e+00
1.174999999999999822e+00 1.347999999999999668e-11 4.939999999999999485e-10 0.000000000000000000e+00 4.319999999999999041e-11 1.945999999999999691e-09 0.000000000000000000e+00
1.225000000000000089e+00 1.281999999999999748e-11 4.459999999999999074e-10 0.000000000000000000e+00 3.699999999999999501e-11 1.733999999999999596e-09 0.000000000000000000e+00
1.274999999999999911e+00 1.237999999999999693e-11 4.479999999999999005e-10 0.000000000000000000e+00 3.299999999999999590e-11 1.473999999999999666e-09 0.000000000000000000e+00
1.325000000000000178e+00 1.235999999999999822e-11 4.399999999999999281e-10 0.000000000000000000e+00 3.039999999999999325e-11 1.355999999999999660e-09 0.000000000000000000e+00
1.375000000000000000e+00 1.183999999999999802e-11 3.899999999999999457e-10 0.000000000000000000e+00 2.799999999999999378e-11 1.245999999999999833e-09 0.000000000000000000e+00
1.424999999999999822e+00 1.191999999999999768e-11 3.959999999999999250e-10 0.000000000000000000e+00 2.619999999999999418e-11 1.067999999999999827e-09 0.000000000000000000e+00
1.475000000000000089e+00 1.169999999999999740e-11 3.639999999999999321e-10 0.000000000000000000e+00 2.319999999999999485e-11 9.659999999999997661e-10 0.000000000000000000e+00
1.524999999999999911e+00 1.103999999999999819e-11 3.279999999999999530e-10 0.000000000000000000e+00 2.099999999999999534e-11 8.639999999999998081e-10 0.000000000000000000e+00
1.575000000000000178e+00 1.145999999999999842e-11 3.279999999999999530e-10 0.000000000000000000e+00 2.079999999999999538e-11 7.959999999999998362e-10 0.000000000000000000e+00
1.625000000000000000e+00 1.121999999999999783e-11 2.919999999999999222e-10 0.000000000000000000e+00 1.901999999999999610e-11 7.239999999999998780e-10 0.000000000000000000e+00
1.674999999999999822e+00 1.065999999999999860e-11 2.899999999999999291e-10 0.000000000000000000e+00 1.847999999999999719e-11 7.279999999999998642e-10 0.000000000000000000e+00
1.725000000000000089e+00 1.067999999999999731e-11 2.779999999999999189e-10 0.000000000000000000e+00 1.809999999999999760e-11 6.519999999999998164e-10 0.000000000000000000e+00
1.774999999999999911e+00 1.021999999999999805e-11 2.879999999999999360e-10 0.000000000000000000e+00 1.593999999999999549e-11 6.159999999999998374e-10 0.000000000000000000e+00
1.825000000000000178e+00 1.009999999999999776e-11 2.619999999999999224e-10 0.000000000000000000e+00 1.655999999999999568e-11 5.699999999999998928e-10 0.000000000000000000e+00
1.875000000000000000e+00 9.439999999999998550e-12 2.639999999999999672e-10 0.000000000000000000e+00 1.491999999999999539e-11 5.119999999999998863e-10 0.000000000000000000e+00
1.924999999999999822e+00 9.919999999999998120e-12 2.299999999999999554e-10 0.000000000000000000e+00 1.411999999999999719e-11 4.439999999999999143e-10 0.000000000000000000e+00
1.975000000000000089e+00 9.299999999999997935e-12 2.059999999999999607e-10 0.000000000000000000e+00 1.443999999999999744e-11 4.459999999999999074e-10 0.000000000000000000e+00
2.024999999999999911e+00 9.339999999999998572e-12 2.099999999999999469e-10 0.000000000000000000e+00 1.351999999999999732e-11 4.359999999999998903e-10 0.000000000000000000e+00
2.075000000000000178e+00 8.719999999999998387e-12 1.763999999999999544e-10 0.000000000000000000e+00 1.395999999999999787e-11 3.959999999999999250e-10 0.000000000000000000e+00
2.125000000000000000e+00 9.339999999999998572e-12 1.751999999999999740e-10 0.000000000000000000e+00 1.291999999999999745e-11 3.599999999999999459e-10 0.000000000000000000e+00
2.174999999999999822e+00 8.399999999999998135e-12 1.837999999999999495e-10 0.000000000000000000e+00 1.265999999999999816e-11 3.339999999999999323e-10 0.000000000000000000e+00
2.225000000000000089e+00 8.099999999999998201e-12 1.969999999999999659e-10 0.000000000000000000e+00 1.239999999999999725e-11 3.079999999999999187e-10 0.000000000000000000e+00
2.274999999999999911e+00 7.999999999999998224e-12 1.829999999999999626e-10 0.000000000000000000e+00 1.163999999999999806e-11 2.719999999999999396e-10 0.000000000000000000e+00
2.325000000000000178e+00 8.039999999999998861e-12 1.639999999999999765e-10 0.000000000000000000e+00 1.147999999999999713e-11 2.679999999999999534e-10 0.000000000000000000e+00
2.375000000000000000e+00 7.779999999999997949e-12 1.627999999999999703e-10 0.000000000000000000e+00 1.085999999999999856e-11 2.639999999999999672e-10 0.000000000000000000e+00
2.424999999999999822e+00 7.499999999999998335e-12 1.555999999999999590e-10 0.000000000000000000e+00 1.055999999999999862e-11 2.559999999999999432e-10 0.000000000000000000e+00
2.475000000000000089e+00 7.239999999999998231e-12 1.525999999999999693e-10 0.000000000000000000e+00 1.019999999999999773e-11 2.359999999999999605e-10 0.000000000000000000e+00
2.524999999999999911e+00 7.239999999999998231e-12 1.269999999999999750e-10 0.000000000000000000e+00 9.899999999999997802e-12 2.239999999999999503e-10 0.000000000000000000e+00
2.575000000000000178e+00 6.679999999999999001e-12 1.321999999999999674e-10 0.000000000000000000e+00 1.023999999999999837e-11 2.239999999999999503e-10 0.000000000000000000e+00
2.625000000000000000e+00 6.319999999999998920e-12 1.215999999999999730e-10 0.000000000000000000e+00 8.999999999999998001e-12 2.079999999999999538e-10 0.000000000000000000e+00
2.674999999999999822e+00 6.559999999999998705e-12 1.295999999999999712e-10 0.000000000000000000e+00 9.559999999999997231e-12 2.039999999999999676e-10 0.000000000000000000e+00
2.725000000000000089e+00 6.299999999999998601e-12 1.263999999999999719e-10 0.000000000000000000e+00 8.399999999999998135e-12 1.995999999999999621e-10 0.000000000000000000e+00
2.774999999999999911e+00 5.979999999999999157e-12 1.185999999999999834e-10 0.000000000000000000e+00 8.579999999999997772e-12 2.079999999999999538e-10 0.000000000000000000e+00
2.825000000000000178e+00 5.959999999999998838e-12 1.097999999999999724e-10 0.000000000000000000e+00 8.539999999999998750e-12 1.689999999999999592e-10 0.000000000000000000e+00
2.875000000000000000e+00 5.919999999999999009e-12 1.005999999999999809e-10 0.000000000000000000e+00 7.359999999999997719e-12 1.821999999999999498e-10 0.000000000000000000e+00
2.924999999999999822e+00 5.479999999999999268e-12 1.081999999999999727e-10 0.000000000000000000e+00 7.979999999999997905e-12 1.629999999999999541e-10 0.000000000000000000e+00
2.975000000000000089e+00 5.359999999999998971e-12 1.131999999999999813e-10 0.000000000000000000e+00 7.879999999999997927e-12 1.627999999999999703e-10 0.000000000000000000e+00
3.024999999999999911e+00 5.439999999999998630e-12 9.559999999999998523e-11 0.000000000000000000e+00 6.739999999999998342e-12 1.525999999999999693e-10 0.000000000000000000e+00
3.075000000000000178e+00 5.699999999999998734e-12 9.939999999999997470e-11 0.000000000000000000e+00 6.619999999999998853e-12 1.527999999999999790e-10 0.000000000000000000e+00
3.125000000000000000e+00 5.119999999999999186e-12 8.719999999999998064e-11 0.000000000000000000e+00 6.459999999999998727e-12 1.465999999999999642e-10 0.000000000000000000e+00
3.174999999999999822e+00 4.839999999999998764e-12 9.019999999999998320e-11 0.000000000000000000e+00 6.059999999999998816e-12 1.331999999999999640e-10 0.000000000000000000e+00
3.225000000000000089e+00 4.779999999999998615e-12 8.679999999999998719e-11 0.000000000000000000e+00 5.779999999999999201e-12 1.275999999999999781e-10 0.000000000000000000e+00
3.274999999999999911e+00 4.459999999999999171e-12 8.919999999999998665e-11 0.000000000000000000e+00 5.839999999999998542e-12 1.451999999999999742e-10 0.000000000000000000e+00
3.325000000000000178e+00 5.159999999999999016e-12 7.419999999999998675e-11 0.000000000000000000e+00 5.339999999999998653e-12 1.247999999999999723e-10 0.000000000000000000e+00
3.375000000000000000e+00 4.439999999999998852e-12 7.959999999999998879e-11 0.000000000000000000e+00 5.239999999999998675e-12 1.265999999999999816e-10 0.000000000000000000e+00
3.424999999999999822e+00 4.119999999999999408e-12 7.299999999999998056e-11 0.000000000000000000e+00 5.099999999999998867e-12 1.239999999999999854e-10 0.000000000000000000e+00
3.475000000000000089e+00 4.159999999999999238e-12 6.259999999999998287e-11 0.000000000000000000e+00 4.859999999999999082e-12 1.143999999999999746e-10 0.000000000000000000e+00
3.524999999999999911e+00 4.019999999999999430e-12 6.799999999999998490e-11 0.000000000000000000e+00 4.519999999999999319e-12 1.123999999999999815e-10 0.000000000000000000e+00
3.575000000000000178e+00 3.959999999999999282e-12 6.339999999999998269e-11 0.000000000000000000e+00 4.459999999999999171e-12 1.029999999999999804e-10 0.000000000000000000e+00
3.625000000000000000e+00 3.839999999999998986e-12 6.379999999999998906e-11 0.000000000000000000e+00 4.259999999999999216e-12 1.085999999999999791e-10 0.000000000000000000e+00
3.674999999999999822e+00 3.859999999999999304e-12 6.419999999999998251e-11 0.000000000000000000e+00 4.199999999999999067e-12 1.023999999999999773e-10 0.000000000000000000e+00
3.725000000000000089e+00 3.559999999999999371e-12 6.439999999999999216e-11 0.000000000000000000e+00 3.859999999999999304e-12 9.879999999999998452e-11 0.000000000000000000e+00
3.774999999999999911e+00 3.339999999999999501e-12 5.419999999999999120e-11 0.000000000000000000e+00 3.719999999999999497e-12 9.739999999999998160e-11 0.000000000000000000e+00
3.825000000000000178e+00 3.359999999999999415e-12 5.899999999999999013e-11 0.000000000000000000e+00 3.499999999999999223e-12 9.079999999999998630e-11 0.000000000000000000e+00
3.875000000000000000e+00 3.379999999999999330e-12 6.219999999999998942e-11 0.000000000000000000e+00 3.359999999999999415e-12 9.219999999999997629e-11 0.000000000000000000e+00
3.924999999999999822e+00 3.059999999999999482e-12 5.339999999999999137e-11 0.000000000000000000e+00 3.159999999999999460e-12 8.599999999999998737e-11 0.000000000000000000e+00
3.975000000000000089e+00 3.239999999999999523e-12 5.479999999999998783e-11 0.000000000000000000e+00 3.359999999999999415e-12 8.699999999999998391e-11 0.000000000000000000e+00
4.025000000000000355e+00 2.799999999999999378e-12 5.379999999999999128e-11 0.000000000000000000e+00 3.039999999999999567e-12 8.959999999999998010e-11 0.000000000000000000e+00
4.074999999999999289e+00 2.899999999999999356e-12 5.219999999999999164e-11 0.000000000000000000e+00 2.759999999999999549e-12 7.799999999999998914e-11 0.000000000000000000e+00
4.125000000000000000e+00 2.899999999999999356e-12 4.159999999999999076e-11 0.000000000000000000e+00 2.839999999999999612e-12 7.659999999999998622e-11 0.000000000000000000e+00
4.175000000000000711e+00 2.619999999999999337e-12 4.799999999999998934e-11 0.000000000000000000e+00 2.919999999999999271e-12 7.679999999999998295e-11 0.000000000000000000e+00
4.224999999999999645e+00 2.579999999999999508e-12 5.439999999999998792e-11 0.000000000000000000e+00 2.559999999999999593e-12 7.779999999999997949e-11 0.000000000000000000e+00
4.275000000000000355e+00 2.459999999999999615e-12 4.639999999999998970e-11 0.000000000000000000e+00 2.319999999999999404e-12 7.499999999999998658e-11 0.000000000000000000e+00
4.324999999999999289e+00 2.399999999999999467e-12 4.479999999999999005e-11 0.000000000000000000e+00 2.379999999999999552e-12 6.599999999999999181e-11 0.000000000000000000e+00
4.375000000000000000e+00 2.339999999999999319e-12 4.139999999999999404e-11 0.000000000000000000e+00 2.339999999999999319e-12 6.699999999999998835e-11 0.000000000000000000e+00
4.425000000000000711e+00 2.779999999999999463e-12 3.219999999999999608e-11 0.000000000000000000e+00 2.159999999999999682e-12 6.579999999999998216e-11 0.000000000000000000e+00
4.474999999999999645e+00 2.399999999999999467e-12 3.259999999999999599e-11 0.000000000000000000e+00 2.099999999999999534e-12 6.459999999999998889e-11 0.000000000000000000e+00
4.525000000000000355e+00 2.239999999999999341e-12 3.939999999999999448e-11 0.000000000000000000e+00 2.079999999999999619e-12 5.959999999999999323e-11 0.000000000000000000e+00
4.574999999999999289e+00 2.119999999999999448e-12 2.999999999999999334e-11 0.000000000000000000e+00 1.851999999999999783e-12 5.939999999999998358e-11 0.000000000000000000e+00
4.625000000000000000e+00 2.159999999999999682e-12 3.919999999999999130e-11 0.000000000000000000e+00 1.935999999999999425e-12 6.319999999999998597e-11 0.000000000000000000e+00
4.675000000000000711e+00 2.179999999999999597e-12 3.419999999999999564e-11 0.000000000000000000e+00 1.987999999999999607e-12 5.799999999999998712e-11 0.000000000000000000e+00
4.724999999999999645e+00 2.059999999999999704e-12 3.439999999999999236e-11 0.000000000000000000e+00 1.697999999999999631e-12 5.699999999999999057e-11 0.000000000000000000e+00
4.775000000000000355e+00 1.981999999999999431e-12 3.439999999999999236e-11 0.000000000000000000e+00 1.627999999999999727e-12 4.479999999999999005e-11 0.000000000000000000e+00
4.824999999999999289e+00 1.951999999999999760e-12 3.099999999999999635e-11 0.000000000000000000e+00 1.545999999999999673e-12 4.939999999999999226e-11 0.000000000000000000e+00
4.875000000000000000e+00 2.119999999999999448e-12 3.679999999999999183e-11 0.000000000000000000e+00 1.593999999999999670e-12 4.939999999999999226e-11 0.000000000000000000e+00
4.925000000000000711e+00 1.717999999999999748e-12 3.939999999999999448e-11 0.000000000000000000e+00 1.447999999999999687e-12 4.319999999999999041e-11 0.000000000000000000e+00
4.974999999999999645e+00 1.559999999999999613e-12 3.619999999999999519e-11 0.000000000000000000e+00 1.271999999999999831e-12 4.379999999999999350e-11 0.000000000000000000e+00
5.025000000000000355e+00 1.805999999999999575e-12 2.859999999999999365e-11 0.000000000000000000e+00 1.489999999999999710e-12 4.259999999999999377e-11 0.000000000000000000e+00
5.074999999999999289e+00 1.617999999999999568e-12 3.279999999999999272e-11 0.000000000000000000e+00 1.301999999999999703e-12 3.839999999999999147e-11 0.000000000000000000e+00
5.125000000000000000e+00 1.561999999999999605e-12 2.959999999999999343e-11 0.000000000000000000e+00 2.159999999999999682e-12 3.679999999999999183e-11 0.000000000000000000e+00
5.175000000000000711e+00 1.525999999999999758e-12 2.859999999999999365e-11 0.000000000000000000e+00 1.217999999999999657e-12 3.879999999999999138e-11 0.000000000000000000e+00
5.224999999999999645e+00 1.595999999999999662e-12 3.239999999999999281e-11 0.000000000000000000e+00 1.189999999999999776e-12 3.139999999999999626e-11 0.000000000000000000e+00
5.275000000000000355e+00 1.467999999999999601e-12 2.679999999999999405e-11 0.000000000000000000e+00 1.071999999999999875e-12 3.239999999999999281e-11 0.000000000000000000e+00
5.324999999999999289e+00 1.447999999999999687e-12 2.179999999999999516e-11 0.000000000000000000e+00 9.259999999999998913e-13 3.139999999999999626e-11 0.000000000000000000e+00
5.375000000000000000e+00 1.309999999999999669e-12 2.619999999999999418e-11 0.000000000000000000e+00 9.779999999999998717e-13 3.179999999999999617e-11 0.000000000000000000e+00
5.425000000000000711e+00 1.405999999999999664e-12 2.959999999999999343e-11 0.000000000000000000e+00 9.959999999999997950e-13 2.719999999999999396e-11 0.000000000000000000e+00
5.474999999999999645e+00 1.307999999999999677e-12 2.339999999999999480e-11 0.000000000000000000e+00 1.015999999999999710e-12 2.819999999999999374e-11 0.000000000000000000e+00
5.525000000000000355e+00 1.365999999999999632e-12 2.299999999999999489e-11 0.000000000000000000e+00 8.799999999999997844e-13 2.799999999999999378e-11 0.000000000000000000e+00
5.574999999999999289e+00 1.217999999999999657e-12 2.159999999999999520e-11 0.000000000000000000e+00 9.759999999999998802e-13 2.539999999999999436e-11 0.000000000000000000e+00
5.625000000000000000e+00 1.187999999999999785e-12 2.319999999999999485e-11 0.000000000000000000e+00 8.199999999999998381e-13 2.559999999999999432e-11 0.000000000000000000e+00
5.675000000000000711e+00 1.027999999999999861e-12 2.679999999999999405e-11 0.000000000000000000e+00 8.299999999999997955e-13 2.119999999999999529e-11 0.000000000000000000e+00
5.724999999999999645e+00 1.179999999999999819e-12 2.319999999999999485e-11 0.000000000000000000e+00 7.579999999999997994e-13 2.079999999999999538e-11 0.000000000000000000e+00
5.775000000000000355e+00 1.093999999999999781e-12 2.239999999999999503e-11 0.000000000000000000e+00 6.619999999999999055e-13 2.359999999999999476e-11 0.000000000000000000e+00
5.824999999999999289e+00 9.539999999999997720e-13 2.319999999999999485e-11 0.000000000000000000e+00 7.579999999999997994e-13 1.969999999999999724e-11 0.000000000000000000e+00
5.875000000000000000e+00 9.839999999999998461e-13 1.989999999999999720e-11 0.000000000000000000e+00 6.779999999999998373e-13 1.871999999999999455e-11 0.000000000000000000e+00
5.925000000000000711e+00 9.739999999999998887e-13 2.079999999999999538e-11 0.000000000000000000e+00 7.539999999999998164e-13 2.219999999999999507e-11 0.000000000000000000e+00
5.974999999999999645e+00 9.859999999999998376e-13 2.079999999999999538e-11 0.000000000000000000e+00 5.699999999999998936e-13 1.687999999999999754e-11 0.000000000000000000e+00
6.025000000000000355e+00 8.019999999999998138e-13 1.795999999999999537e-11 0.000000000000000000e+00 7.119999999999998944e-13 2.119999999999999529e-11 0.000000000000000000e+00
6.074999999999999289e+00 8.599999999999998696e-13 1.893999999999999482e-11 0.000000000000000000e+00 6.959999999999998616e-13 1.849999999999999751e-11 0.000000000000000000e+00
6.125000000000000000e+00 1.755999999999999586e-12 2.359999999999999476e-11 0.000000000000000000e+00 5.499999999999998779e-13 2.019999999999999551e-11 0.000000000000000000e+00
6.175000000000000711e+00 8.399999999999998539e-13 1.579999999999999649e-11 0.000000000000000000e+00 4.859999999999999486e-13 1.519999999999999662e-11 0.000000000000000000e+00
6.224999999999999645e+00 6.899999999999998872e-13 2.299999999999999489e-11 0.000000000000000000e+00 5.559999999999998523e-13 1.787999999999999732e-11 0.000000000000000000e+00
6.275000000000000355e+00 8.999999999999998001e-13 1.667999999999999759e-11 0.000000000000000000e+00 4.499999999999999001e-13 1.411999999999999719e-11 0.000000000000000000e+00
6.324999999999999289e+00 7.579999999999997994e-13 1.789999999999999764e-11 0.000000000000000000e+00 4.159999999999998935e-13 1.393999999999999755e-11 0.000000000000000000e+00
6.375000000000000000e+00 6.759999999999998458e-13 1.819999999999999596e-11 0.000000000000000000e+00 4.759999999999998903e-13 1.627999999999999768e-11 0.000000000000000000e+00
6.425000000000000711e+00 6.799999999999998288e-13 1.767999999999999737e-11 0.000000000000000000e+00 5.259999999999998792e-13 1.483999999999999735e-11 0.000000000000000000e+00
6.474999999999999645e+00 6.119999999999999166e-13 1.817999999999999564e-11 0.000000000000000000e+00 4.619999999999999499e-13 1.441999999999999712e-11 0.000000000000000000e+00
6.525000000000000355e+00 6.699999999999998714e-13 2.139999999999999525e-11 0.000000000000000000e+00 4.159999999999998935e-13 1.241999999999999757e-11 0.000000000000000000e+00
6.574999999999999289e+00 7.019999999999998360e-13 1.459999999999999676e-11 0.000000000000000000e+00 4.259999999999999014e-13 1.311999999999999741e-11 0.000000000000000000e+00
6.625000000000000000e+00 5.379999999999999290e-13 1.451999999999999710e-11 0.000000000000000000e+00 4.059999999999999361e-13 1.137999999999999715e-11 0.000000000000000000e+00
6.675000000000000711e+00 6.259999999999998570e-13 1.541999999999999690e-11 0.000000000000000000e+00 4.019999999999999027e-13 1.033999999999999835e-11 0.000000000000000000e+00
6.724999999999999645e+00 5.959999999999998838e-13 1.423999999999999748e-11 0.000000000000000000e+00 4.079999999999999276e-13 1.001999999999999810e-11 0.000000000000000000e+00
6.775000000000000355e+00 4.939999999999999145e-13 1.467999999999999803e-11 0.000000000000000000e+00 3.599999999999999302e-13 9.799999999999997824e-12 0.000000000000000000e+00
6.824999999999999289e+00 6.199999999999998825e-13 1.221999999999999761e-11 0.000000000000000000e+00 2.319999999999999707e-13 9.119999999999998298e-12 0.000000000000000000e+00
6.875000000000000000e+00 4.739999999999998988e-13 1.527999999999999790e-11 0.000000000000000000e+00 3.159999999999999157e-13 9.639999999999998506e-12 0.000000000000000000e+00
6.925000000000000711e+00 5.739999999999998766e-13 1.143999999999999811e-11 0.000000000000000000e+00 3.059999999999999583e-13 9.079999999999997661e-12 0.000000000000000000e+00
6.974999999999999645e+00 5.139999999999999303e-13 1.557999999999999622e-11 0.000000000000000000e+00 2.999999999999999334e-13 8.499999999999998112e-12 0.000000000000000000e+00
7.025000000000000355e+00 4.999999999999998890e-13 1.261999999999999752e-11 0.000000000000000000e+00 2.279999999999999373e-13 8.879999999999997705e-12 0.000000000000000000e+00
7.074999999999999289e+00 4.599999999999998575e-13 1.537999999999999626e-11 0.000000000000000000e+00 2.399999999999999366e-13 7.459999999999997697e-12 0.000000000000000000e+00
7.125000000000000000e+00 5.119999999999999388e-13 1.533999999999999562e-11 0.000000000000000000e+00 2.219999999999999628e-13 8.399999999999998135e-12 0.000000000000000000e+00
7.175000000000000711e+00 4.879999999999999401e-13 1.353999999999999764e-11 0.000000000000000000e+00 1.997999999999999665e-13 7.379999999999998038e-12 0.000000000000000000e+00
7.224999999999999645e+00 5.219999999999998962e-13 1.203999999999999797e-11 0.000000000000000000e+00 2.819999999999999596e-13 7.919999999999998564e-12 0.000000000000000000e+00
7.275000000000000355e+00 5.199999999999999047e-13 1.061999999999999796e-11 0.000000000000000000e+00 2.399999999999999366e-13 5.999999999999998668e-12 0.000000000000000000e+00
7.324999999999999289e+00 5.419999999999999120e-13 1.105999999999999851e-11 0.000000000000000000e+00 2.419999999999999281e-13 6.219999999999998942e-12 0.000000000000000000e+00
7.375000000000000000e+00 3.119999999999999327e-13 1.167999999999999708e-11 0.000000000000000000e+00 2.479999999999999530e-13 7.179999999999998890e-12 0.000000000000000000e+00
7.425000000000000711e+00 4.039999999999998941e-13 1.061999999999999796e-11 0.000000000000000000e+00 1.557999999999999773e-13 6.799999999999998490e-12 0.000000000000000000e+00
7.474999999999999645e+00 3.679999999999999466e-13 1.045999999999999865e-11 0.000000000000000000e+00 2.899999999999999255e-13 6.799999999999998490e-12 0.000000000000000000e+00
7.525000000000000355e+00 3.319999999999999485e-13 9.739999999999998483e-12 0.000000000000000000e+00 2.459999999999999615e-13 6.539999999999998386e-12 0.000000000000000000e+00
7.574999999999999289e+00 4.319999999999999263e-13 1.473999999999999576e-11 0.000000000000000000e+00 1.777999999999999593e-13 5.459999999999998949e-12 0.000000000000000000e+00
7.625000000000000000e+00 3.959999999999999282e-13 1.049999999999999767e-11 0.000000000000000000e+00 2.079999999999999467e-13 6.879999999999998957e-12 0.000000000000000000e+00
7.675000000000000711e+00 3.219999999999999406e-13 9.079999999999997661e-12 0.000000000000000000e+00 1.941999999999999702e-13 5.499999999999998779e-12 0.000000000000000000e+00
7.724999999999999645e+00 2.599999999999999524e-13 9.719999999999998165e-12 0.000000000000000000e+00 2.019999999999999471e-13 6.199999999999998623e-12 0.000000000000000000e+00
7.775000000000000355e+00 4.659999999999999329e-13 9.019999999999998320e-12 0.000000000000000000e+00 1.757999999999999678e-13 4.759999999999999105e-12 0.000000000000000000e+00
7.824999999999999289e+00 3.479999999999999308e-13 8.979999999999997683e-12 0.000000000000000000e+00 1.527999999999999649e-13 5.219999999999999164e-12 0.000000000000000000e+00
7.875000000000000000e+00 2.259999999999999458e-13 9.299999999999997935e-12 0.000000000000000000e+00 2.399999999999999366e-13 5.319999999999999142e-12 0.000000000000000000e+00
7.925000000000000711e+00 3.099999999999999413e-13 1.017999999999999742e-11 0.000000000000000000e+00 7.199999999999998351e-14 4.979999999999999379e-12 0.000000000000000000e+00
7.974999999999999645e+00 2.459999999999999615e-13 8.759999999999997409e-12 0.000000000000000000e+00 2.079999999999999467e-13 4.199999999999999067e-12 0.000000000000000000e+00
8.025000000000000355e+00 3.219999999999999406e-13 9.579999999999997550e-12 0.000000000000000000e+00 2.939999999999999589e-13 5.299999999999998823e-12 0.000000000000000000e+00
8.074999999999999289e+00 2.659999999999999268e-13 9.119999999999998298e-12 0.000000000000000000e+00 1.459999999999999585e-13 4.259999999999999216e-12 0.000000000000000000e+00
8.125000000000000000e+00 2.579999999999999609e-13 9.079999999999997661e-12 0.000000000000000000e+00 1.629999999999999618e-13 4.159999999999999238e-12 0.000000000000000000e+00
8.175000000000000711e+00 2.279999999999999373e-13 1.031999999999999803e-11 0.000000000000000000e+00 1.021999999999999836e-13 7.459999999999997697e-12 0.000000000000000000e+00
8.224999999999999645e+00 1.975999999999999608e-13 7.979999999999997905e-12 0.000000000000000000e+00 1.113999999999999721e-13 7.039999999999998275e-12 0.000000000000000000e+00
8.275000000000000355e+00 2.219999999999999628e-13 7.139999999999998253e-12 0.000000000000000000e+00 1.379999999999999673e-13 3.679999999999998860e-12 0.000000000000000000e+00
8.324999999999999289e+00 3.139999999999999242e-13 7.639999999999998950e-12 0.000000000000000000e+00 3.659999999999999046e-14 4.179999999999998749e-12 0.000000000000000000e+00
8.375000000000000000e+00 2.639999999999999353e-13 7.259999999999998549e-12 0.000000000000000000e+00 1.223999999999999631e-13 3.899999999999999134e-12 0.000000000000000000e+00
8.425000000000000711e+00 2.399999999999999366e-13 9.159999999999997320e-12 0.000000000000000000e+00 9.479999999999998481e-14 3.359999999999999415e-12 0.000000000000000000e+00
8.474999999999999645e+00 1.491999999999999600e-13 7.459999999999997697e-12 0.000000000000000000e+00 9.879999999999998038e-14 3.799999999999999156e-12 0.000000000000000000e+00
8.525000000000000355e+00 2.339999999999999622e-13 7.799999999999998268e-12 0.000000000000000000e+00 1.331999999999999777e-13 3.399999999999999245e-12 0.000000000000000000e+00
8.574999999999999289e+00 2.659999999999999268e-13 7.059999999999998594e-12 0.000000000000000000e+00 1.083999999999999723e-13 3.139999999999999545e-12 0.000000000000000000e+00
8.625000000000000000e+00 2.639999999999999353e-13 8.179999999999997860e-12 0.000000000000000000e+00 1.017999999999999802e-13 3.139999999999999545e-12 0.000000000000000000e+00
8.675000000000000711e+00 1.747999999999999721e-13 7.599999999999998312e-12 0.000000000000000000e+00 1.413999999999999831e-13 2.859999999999999526e-12 0.000000000000000000e+00
8.724999999999999645e+00 1.771999999999999669e-13 7.259999999999998549e-12 0.000000000000000000e+00 6.379999999999999068e-14 3.899999999999999134e-12 0.000000000000000000e+00
8.775000000000000355e+00 2.699999999999999602e-13 7.099999999999998423e-12 0.000000000000000000e+00 6.699999999999999219e-14 2.559999999999999593e-12 0.000000000000000000e+00
8.824999999999999289e+00 1.615999999999999627e-13 5.999999999999998668e-12 0.000000000000000000e+00 7.879999999999998987e-14 3.079999999999999397e-12 0.000000000000000000e+00
8.875000000000000000e+00 1.729999999999999697e-13 6.379999999999999068e-12 0.000000000000000000e+00 1.315999999999999643e-13 2.459999999999999615e-12 0.000000000000000000e+00
8.925000000000000711e+00 9.379999999999997644e-14 6.719999999999998831e-12 0.000000000000000000e+00 1.101999999999999747e-13 2.919999999999999271e-12 0.000000000000000000e+00
8.974999999999999645e+00 1.463999999999999618e-13 5.879999999999999179e-12 0.000000000000000000e+00 8.259999999999998378e-14 2.799999999999999378e-12 0.000000000000000000e+00
9.025000000000000355e+00 1.055999999999999741e-13 6.359999999999998749e-12 0.000000000000000000e+00 3.779999999999999418e-14 2.379999999999999552e-12 0.000000000000000000e+00
9.074999999999999289e+00 1.505999999999999591e-13 6.099999999999998645e-12 0.000000000000000000e+00 1.929999999999999412e-15 1.687999999999999674e-12 0.000000000000000000e+00
9.125000000000000000e+00 1.855999999999999614e-13 6.239999999999998453e-12 0.000000000000000000e+00 8.619999999999998863e-15 2.319999999999999404e-12 0.000000000000000000e+00
9.175000000000000711e+00 1.169999999999999811e-13 6.499999999999998557e-12 0.000000000000000000e+00 1.063999999999999808e-13 2.299999999999999489e-12 0.000000000000000000e+00
9.224999999999999645e+00 1.251999999999999865e-13 5.199999999999998845e-12 0.000000000000000000e+00 2.859999999999999299e-14 2.159999999999999682e-12 0.000000000000000000e+00
9.275000000000000355e+00 1.203999999999999716e-13 4.839999999999998764e-12 0.000000000000000000e+00 6.979999999999998247e-15 2.539999999999999678e-12 0.000000000000000000e+00
9.324999999999999289e+00 1.391999999999999774e-13 5.539999999999998608e-12 0.000000000000000000e+00 6.819999999999998960e-14 2.039999999999999385e-12 0.000000000000000000e+00
9.375000000000000000e+00 1.837999999999999590e-13 6.159999999999998794e-12 0.000000000000000000e+00 6.739999999999998291e-14 1.559999999999999613e-12 0.000000000000000000e+00
9.425000000000000711e+00 7.459999999999998000e-14 6.019999999999998986e-12 0.000000000000000000e+00 9.799999999999997369e-14 2.059999999999999704e-12 0.000000000000000000e+00
9.474999999999999645e+00 1.137999999999999796e-13 5.139999999999998697e-12 0.000000000000000000e+00 2.759999999999999410e-14 1.993999999999999783e-12 0.000000000000000000e+00
9.525000000000000355e+00 1.613999999999999737e-13 5.439999999999998630e-12 0.000000000000000000e+00 3.219999999999999154e-14 1.525999999999999758e-12 0.000000000000000000e+00
9.574999999999999289e+00 1.255999999999999646e-13 4.619999999999999297e-12 0.000000000000000000e+00 1.063999999999999777e-14 1.509999999999999624e-12 0.000000000000000000e+00
9.625000000000000000e+00 2.119999999999999549e-13 5.279999999999999312e-12 0.000000000000000000e+00 1.131999999999999746e-13 1.423999999999999789e-12 0.000000000000000000e+00
9.675000000000000711e+00 9.519999999999997553e-14 4.719999999999999275e-12 0.000000000000000000e+00 1.247999999999999769e-14 1.925999999999999669e-12 0.000000000000000000e+00
9.724999999999999645e+00 1.067999999999999842e-13 4.979999999999999379e-12 0.000000000000000000e+00 2.279999999999999578e-15 1.455999999999999652e-12 0.000000000000000000e+00
9.775000000000000355e+00 1.169999999999999811e-13 4.439999999999998852e-12 0.000000000000000000e+00 1.019999999999999850e-14 1.229999999999999808e-12 0.000000000000000000e+00
9.824999999999999289e+00 3.279999999999999024e-14 4.779999999999998615e-12 0.000000000000000000e+00 2.639999999999999353e-14 1.741999999999999645e-12 0.000000000000000000e+00
9.875000000000000000e+00 6.739999999999998291e-14 5.299999999999998823e-12 0.000000000000000000e+00 8.419999999999998769e-15 1.391999999999999723e-12 0.000000000000000000e+00
9.925000000000000711e+00 7.379999999999998593e-14 3.999999999999999112e-12 0.000000000000000000e+00 3.039999999999999542e-14 8.199999999999998381e-13 0.000000000000000000e+00
9.974999999999999645e+00 2.519999999999999360e-13 4.199999999999999067e-12 0.000000000000000000e+00 6.659999999999998569e-15 7.619999999999998833e-13 0.000000000000000000e+00
1.050000000000000000e+01 6.559999999999998049e-14 3.839999999999998986e-12 0.000000000000000000e+00 3.199999999999999618e-14 8.619999999999998611e-13 0.000000000000000000e+00
1.150000000000000000e+01 2.599999999999999334e-14 2.699999999999999400e-12 0.000000000000000000e+00 1.467999999999999715e-14 4.439999999999999256e-13 0.000000000000000000e+00
1.250000000000000000e+01 1.885999999999999486e-14 1.715999999999999554e-12 0.000000000000000000e+00 7.159999999999998016e-15 2.539999999999999274e-13 0.000000000000000000e+00
1.350000000000000000e+01 5.419999999999998930e-15 1.175999999999999836e-12 0.000000000000000000e+00 7.279999999999998388e-15 1.143999999999999720e-13 0.000000000000000000e+00
1.450000000000000000e+01 9.499999999999998569e-16 8.619999999999998611e-13 0.000000000000000000e+00 0.000000000000000000e+00 4.699999999999998906e-14 0.000000000000000000e+00
1.550000000000000000e+01 2.159999999999999600e-15 5.519999999999998693e-13 0.000000000000000000e+00 0.000000000000000000e+00 4.099999999999998938e-14 0.000000000000000000e+00
1.650000000000000000e+01 1.335999999999999818e-15 2.339999999999999622e-13 0.000000000000000000e+00 0.000000000000000000e+00 2.239999999999999717e-15 0.000000000000000000e+00
1.750000000000000000e+01 0.000000000000000000e+00 2.139999999999999464e-13 0.000000000000000000e+00 0.000000000000000000e+00 4.299999999999998875e-15 0.000000000000000000e+00
1.850000000000000000e+01 1.657999999999999775e-16 1.241999999999999656e-13 0.000000000000000000e+00 0.000000000000000000e+00 0.000000000000000000e+00 0.000000000000000000e+00
1.950000000000000000e+01 0.000000000000000000e+00 4.979999999999998722e-14 0.000000000000000000e+00 0.000000000000000000e+00 0.000000000000000000e+00 0.000000000000000000e+00
2.050000000000000000e+01 0.000000000000000000e+00 2.179999999999999609e-14 0.000000000000000000e+00 0.000000000000000000e+00 0.000000000000000000e+00 0.000000000000000000e+00
2.150000000000000000e+01 0.000000000000000000e+00 8.359999999999998583e-15 0.000000000000000000e+00 0.000000000000000000e+00 0.000000000000000000e+00 0.000000000000000000e+00
2.250000000000000000e+01 0.000000000000000000e+00 0.000000000000000000e+00 0.000000000000000000e+00 0.000000000000000000e+00 0.000000000000000000e+00 0.000000000000000000e+00
2.350000000000000000e+01 0.000000000000000000e+00 0.000000000000000000e+00 0.000000000000000000e+00 0.000000000000000000e+00 0.000000000000000000e+00 0.000000000000000000e+00
2.450000000000000000e+01 0.000000000000000000e+00 0.000000000000000000e+00 0.000000000000000000e+00 0.000000000000000000e+00 0.000000000000000000e+00 0.000000000000000000e+00
2.550000000000000000e+01 0.000000000000000000e+00 0.000000000000000000e+00 0.000000000000000000e+00 0.000000000000000000e+00 0.000000000000000000e+00 0.000000000000000000e+00
2.650000000000000000e+01 0.000000000000000000e+00 0.000000000000000000e+00 0.000000000000000000e+00 0.000000000000000000e+00 0.000000000000000000e+00 0.000000000000000000e+00
2.750000000000000000e+01 0.000000000000000000e+00 0.000000000000000000e+00 0.000000000000000000e+00 0.000000000000000000e+00 0.000000000000000000e+00 0.000000000000000000e+00
2.850000000000000000e+01 0.000000000000000000e+00 0.000000000000000000e+00 0.000000000000000000e+00 0.000000000000000000e+00 0.000000000000000000e+00 0.000000000000000000e+00
2.950000000000000000e+01 0.000000000000000000e+00 0.000000000000000000e+00 0.000000000000000000e+00 0.000000000000000000e+00 0.000000000000000000e+00 0.000000000000000000e+00
