11.336355 0.03969188583310806
14.31343 0.06325559127263064
18.019555 0.11404745841533971
22.685205 0.19223839938972667
28.559015 0.3385869810555349
35.953649999999996 0.5999780829185584
45.263 1.0268958910930068
56.98274 1.7002084822564894
71.737075 2.8258496993529185
90.31156 4.62502021721515
113.6953 7.569253042922687
143.1343 11.986827728501297
180.19555 18.794099042852306
226.85205000000002 27.94754451921439
285.59015 39.268360230393654
359.5365 51.64826879187597
452.63 64.48880958253082
569.8274 77.04589716396967
717.37075 89.15105577070679
903.1156000000001 101.87663961870985
1136.953 116.14109790697238
1431.3429999999998 133.42538992427086
1801.9555 146.61437266750448
2268.5205 145.79924687816023
2855.9015 115.67447641557297
3595.365 60.07780560179701
4526.3 11.376701026375846
5698.274 0.16765875967674734
