11.336355 31931952363.75
14.31343 37624184046.92201
18.019555 44588288683.109985
22.685205 53039779154.50329
28.559015 63485480513.13022
35.953649999999996 75542488690.47342
45.263 87226173621.4722
56.98274 97144258814.7584
71.737075 106898263105.3634
90.31156 114901629067.84552
113.6953 119240542285.41743
143.1343 121775674434.0838
180.19555 121844454863.39749
226.85205000000002 118456181564.95055
285.59015 112535496757.72998
359.5365 102562565451.7067
452.63 90712322224.27867
569.8274 78701580276.46196
717.37075 66387951959.98323
903.1156000000001 52317090164.861664
1136.953 40929930584.34334
1431.3429999999998 31072549409.54843
1801.9555 21926014019.068336
2268.5205 14492688134.892744
2855.9015 8390546933.6979065
3595.365 3310389528.8760633
4526.3 528708044.32707745
5698.274 18134807.699896686
