11.336355 13776101.25
14.31343 19347654.439213138
18.019555 26497327.199933007
22.685205 37351755.32866733
28.559015 53668966.11948471
35.953649999999996 72036072.39876518
45.263 92163501.74153893
56.98274 134297940.2858839
71.737075 167860528.5988148
90.31156 212024735.7997223
113.6953 250581651.09465277
143.1343 333026787.07017535
180.19555 398256181.3343494
226.85205000000002 487691173.85405046
285.59015 557952286.0773511
359.5365 626402259.99124
452.63 491476215.5335118
569.8274 459009706.8956001
717.37075 468705195.0595426
903.1156000000001 346689998.5226741
1136.953 326816244.8557743
1431.3429999999998 307182870.7677188
1801.9555 264765969.99201453
2268.5205 183923796.57398874
2855.9015 84104604.68122417
3595.365 14522149.512949547
4526.3 505112.2075228838
5698.274 0.0
