11.336355 30692498032.5
14.31343 35591038493.91177
18.019555 41886945563.37063
22.685205 48673783109.93213
28.559015 57300135710.69915
35.953649999999996 66917321513.369576
45.263 75573976627.4224
56.98274 83529811641.89563
71.737075 91046785389.91272
90.31156 97065705305.74963
113.6953 100001256438.18765
143.1343 100294900265.98157
180.19555 98241730854.55067
226.85205000000002 93531006892.97263
285.59015 86418669728.72124
359.5365 77092345047.10811
452.63 66584724527.788246
569.8274 54577922925.024216
717.37075 43232708703.987335
903.1156000000001 32890468623.655724
1136.953 23849182642.71216
1431.3429999999998 16095815800.969355
1801.9555 10081964759.439629
2268.5205 5524749238.431335
2855.9015 2465607313.60674
3595.365 754139453.5951638
4526.3 146665874.00591934
5698.274 7322882.15390493
