11.336355 1.4388064308172144
14.31343 2.0476371669918336
18.019555 2.964170252840653
22.685205 4.25218504010036
28.559015 6.204304030980597
35.953649999999996 9.017390262175127
45.263 12.715094403258812
56.98274 17.594194472724563
71.737075 24.066093781286796
90.31156 32.25168902700005
113.6953 41.81409025205125
143.1343 52.8162622346219
180.19555 65.20008043341943
226.85205000000002 78.24767810450234
285.59015 91.14452371526001
359.5365 102.47879406864004
452.63 111.51636814438615
569.8274 115.10639906416033
717.37075 114.7437289687056
903.1156000000001 109.77090904800286
1136.953 99.99523921569761
1431.3429999999998 84.69084858125206
1801.9555 66.49284477624806
2268.5205 45.60571248802736
2855.9015 25.439329281384154
3595.365 9.708265008417348
4526.3 2.348377076486062
5698.274 0.14585773120148382
