11.336355 0.0001828019157833586
14.31343 0.0003928564050471434
18.019555 0.0007829227070230622
22.685205 0.001557455429439366
28.559015 0.003094496693567536
35.953649999999996 0.005657859457585588
45.263 0.009748404429125378
56.98274 0.01896886988738591
71.737075 0.031421030254919116
90.31156 0.052282748514599055
113.6953 0.08088339472186772
143.1343 0.1400641764815689
180.19555 0.21746628729422804
226.85205000000002 0.34456820711007
285.59015 0.5083643421221956
359.5365 0.7337066803571906
452.63 0.7378727478525604
569.8274 0.8808291631558707
717.37075 1.1466168403849308
903.1156000000001 1.0784707279058043
1136.953 1.2895060330617043
1431.3429999999998 1.533673296043287
1801.9555 1.6688081314262408
2268.5205 1.4598648359587567
2855.9015 0.8387331159555129
3595.365 0.181503676411543
4526.3 0.007892211568781997
5698.274 0.0
