11.336355 0.00039142578078525604
14.31343 0.0008670221131284028
18.019555 0.0018383655962703113
22.685205 0.003389262201640462
28.559015 0.006867470147926082
35.953649999999996 0.013255802445090382
45.263 0.024122213272360048
56.98274 0.04173087228457087
71.737075 0.0698197465332756
90.31156 0.12831333331198522
113.6953 0.21202838059251244
143.1343 0.3201591623534421
180.19555 0.4799896731332798
226.85205000000002 0.7947272713440704
285.59015 1.0593951055440949
359.5365 1.5014826843127311
452.63 1.9588181877548327
569.8274 2.2913746662417767
717.37075 2.126948887736543
903.1156000000001 2.2069093916501226
1136.953 2.786095201410583
1431.3429999999998 3.2078096086261376
1801.9555 2.9398267110342786
2268.5205 2.367220129442931
2855.9015 1.9981582462346381
3595.365 0.9158487349358492
4526.3 0.10163188493701159
5698.274 0.0
