11.336355 13132255.125
14.31343 19162831.74793603
18.019555 27763222.83266318
22.685205 35791000.83343227
28.559015 51722450.003955975
35.953649999999996 72430044.12675683
45.263 97048404.69544175
56.98274 125120571.40878582
71.737075 157720638.35981545
90.31156 220383119.7356131
113.6953 279111766.6333035
143.1343 325189392.6461244
180.19555 378351326.09464926
226.85205000000002 488616704.235202
285.59015 510321034.81784856
359.5365 568990702.8358711
452.63 586116503.9836301
569.8274 543236604.280646
717.37075 400891312.7335458
903.1156000000001 331789813.78802615
1136.953 335227916.33275706
1431.3429999999998 310000127.4462977
1801.9555 228969248.3705843
2268.5205 149211808.09117967
2855.9015 102323920.44699965
3595.365 38270707.20746693
4526.3 3481422.5959244883
5698.274 0.0
