11.336355 3.312328338824406
14.31343 4.846910633889172
18.019555 7.136667131123393
22.685205 10.57813544018575
28.559015 15.800325481651623
35.953649999999996 23.49663020669758
45.263 33.9381333382623
56.98274 47.30148672676576
71.737075 65.16911656054783
90.31156 87.72164130629189
113.6953 113.99863717134286
143.1343 145.7513901318887
180.19555 182.52838234342565
226.85205000000002 221.9737149579467
285.59015 263.6430260558568
359.5365 300.16294000181415
452.63 331.30353623386793
569.8274 358.3094194478683
717.37075 376.2217958978626
903.1156000000001 368.46165172723715
1136.953 357.54840206733115
1431.3429999999998 335.8861906410602
1801.9555 292.56823471846667
2268.5205 237.93646208453976
2855.9015 168.9531531513241
3595.365 81.44184276589732
4526.3 15.816893380633879
5698.274 0.6576902413571699
