11.336355 368164638.75
14.31343 504630736.9237541
18.019555 707625630.7240661
22.685205 1048178730.2843814
28.559015 1402970929.4782822
35.953649999999996 2050694330.5333734
45.263 2987714856.586958
56.98274 4112104234.400994
71.737075 5675554258.523268
90.31156 7813133751.58597
113.6953 10630260202.434708
143.1343 14201430228.345362
180.19555 18152583303.114132
226.85205000000002 21851308820.17881
285.59015 24204263724.15236
359.5365 25023327732.274834
452.63 23776733107.15793
569.8274 21140846723.99646
717.37075 17749571556.295795
903.1156000000001 14307211305.239113
1136.953 11133872555.204401
1431.3429999999998 8389413218.890873
1801.9555 6077007006.460142
2268.5205 3787894274.967416
2855.9015 1925892001.1787667
3595.365 679304906.17611
4526.3 136905584.23731023
5698.274 6578847.783255108
