11.336355 380536470.0
14.31343 488689525.265975
18.019555 709321220.8925498
22.685205 960792529.9277564
28.559015 1356786533.0183988
35.953649999999996 1924904432.9170332
45.263 2634995880.8696566
56.98274 3487231580.1519737
71.737075 4630336705.504236
90.31156 6053917686.746325
113.6953 7913913401.728673
143.1343 10012483365.580357
180.19555 12544758662.270096
226.85205000000002 14915135004.74513
285.59015 16764950705.425602
359.5365 17653271801.57714
452.63 17664207721.751854
569.8274 16930105866.181068
717.37075 15739444808.791231
903.1156000000001 14473666783.58693
1136.953 13303273048.815966
1431.3429999999998 12351002580.263834
1801.9555 10995065815.767427
2268.5205 8887261796.99841
2855.9015 5749197572.466742
3595.365 2444137991.509357
4526.3 380635460.9663968
5698.274 4627146.996492501
