11.336355 0.01737519528337001
14.31343 0.02919814993956238
18.019555 0.05030147485494628
22.685205 0.09189709433778469
28.559015 0.15244624199070902
35.953649999999996 0.2772077934353048
45.263 0.5040461208479006
56.98274 0.868339998055269
71.737075 1.5037713753515596
90.31156 2.601357860144793
113.6953 4.452910626857249
143.1343 7.4919110540861915
180.19555 12.066787683910881
226.85205000000002 18.308328718322954
285.59015 25.56257154953687
359.5365 33.30579588913241
452.63 39.869160865994814
569.8274 44.63843222449375
717.37075 47.160479858797714
903.1156000000001 47.79880820434807
1136.953 46.72897797409324
1431.3429999999998 44.18496378993379
1801.9555 40.11714826023453
2268.5205 31.296723109171943
2855.9015 19.888258133513848
3595.365 8.751721676689975
4526.3 2.19394561808215
5698.274 0.13115273417207146
